0.000000 4.000000 0.004000 100.000000 4.000000 0.004000 50.000000
0.100000 8.000000 0.015980 100.000000 8.000000 0.015980 50.000000
0.200000 12.000000 0.039900 100.000000 12.000000 0.039900 50.000000
0.300000 16.000000 0.079701 100.000000 16.000000 0.079701 50.000000
0.400000 20.000000 0.139302 100.000000 20.000000 0.139302 50.000000
0.500000 24.000000 0.222606 100.000000 24.000000 0.222606 50.000000
0.600000 28.000000 0.333493 100.000000 28.000000 0.333493 50.000000
0.700000 32.000000 0.475825 100.000000 32.000000 0.475825 50.000000
0.800000 36.000000 0.653446 100.000000 36.000000 0.653446 50.000000
0.900000 40.000000 0.870179 100.000000 40.000000 0.870179 50.000000
1.000000 44.000000 1.129828 100.000000 44.000000 1.129828 50.000000
1.100000 48.000000 1.436179 100.000000 48.000000 1.436179 50.000000
1.200000 52.000000 1.792998 100.000000 52.000000 1.792998 50.000000
1.300000 56.000000 2.204033 100.000000 56.000000 2.204033 50.000000
1.400000 60.000000 2.673013 100.000000 60.000000 2.673013 50.000000
1.500000 64.000000 3.203648 100.000000 64.000000 3.203648 50.000000
1.600000 68.000000 3.799629 100.000000 68.000000 3.799629 50.000000
1.700000 72.000000 4.464631 100.000000 69.167435 4.461799 50.000000
1.800000 76.000000 5.202308 100.000000 65.167435 5.185824 50.000000
1.900000 80.000000 6.016296 100.000000 61.167435 5.967398 50.000000
2.000000 84.000000 6.910214 100.000000 57.167435 6.802230 50.000000
2.100000 88.000000 7.887663 100.000000 53.167435 7.686057 50.000000
2.200000 92.000000 8.952225 100.000000 49.167435 8.614631 50.000000
2.300000 89.840149 10.101304 100.000000 45.167435 9.583730 50.000000
2.400000 85.840149 11.330478 100.000000 41.167435 10.589150 50.000000
2.500000 81.840149 12.635345 100.000000 37.167435 11.626712 50.000000
2.600000 77.840149 14.011529 100.000000 33.167435 12.692253 50.000000
2.700000 73.840149 15.454672 100.000000 29.167435 13.781633 50.000000
2.799999 69.840149 16.960440 100.000000 25.167435 14.890735 50.000000
2.899999 65.840149 18.524519 100.000000 21.167435 16.015457 50.000000
2.999999 61.840149 20.142618 100.000000 17.167435 17.151724 50.000000
3.099999 57.840149 21.810467 100.000000 13.167435 18.295477 50.000000
3.199999 53.840149 23.523815 100.000000 9.167435 19.442678 50.000000
3.299999 49.840149 25.278437 100.000000 5.167435 20.589312 50.000000
3.399999 45.840149 27.070126 100.000000 1.167435 21.731379 50.000000
3.499999 41.840149 28.894697 100.000000 -2.832565 22.864902 50.000000
3.599999 37.840149 30.747986 100.000000 -6.832565 23.985928 50.000000
3.699999 33.840149 32.625847 100.000000 -10.832565 25.090515 50.000000
3.799999 29.840149 34.524158 100.000000 -14.832565 26.174746 50.000000
3.899998 25.840149 36.438820 100.000000 -18.832565 27.234722 50.000000
3.999998 21.840149 38.365749 100.000000 -22.832565 28.266567 50.000000
4.099998 17.840149 40.300884 100.000000 -26.832565 29.266420 50.000000
4.199998 13.840149 42.240181 100.000000 -30.832565 30.230442 50.000000
4.299998 9.840149 44.179623 100.000000 -34.832565 31.154810 50.000000
4.399998 5.840149 46.115208 100.000000 -38.832565 32.035725 50.000000
4.499998 1.840149 48.042953 100.000000 -42.832565 32.869400 50.000000
4.599998 -2.159851 49.958900 100.000000 -46.832565 33.652077 50.000000
4.699998 -6.159851 51.859108 100.000000 -47.618839 34.383221 50.000000
4.799998 -10.159851 53.739655 100.000000 -47.444664 35.063263 50.000000
4.899998 -14.159851 55.596642 100.000000 -46.966595 35.692940 50.000000
4.999998 -18.159851 57.426182 100.000000 -46.210255 36.273258 50.000000
5.099998 -22.159851 59.224415 100.000000 -45.201157 36.805473 50.000000
5.199997 -26.159851 60.987495 100.000000 -43.964592 37.291061 50.000000
5.299997 -30.159851 62.711601 100.000000 -42.525463 37.731697 50.000000
5.399997 -34.159851 64.392929 100.000000 -40.908211 38.129223 50.000000
5.499997 -38.159851 66.027687 100.000000 -39.136612 38.485622 50.000000
5.599997 -42.159851 67.612114 100.000000 -37.233704 38.803009 50.000000
5.699997 -46.159851 69.142456 100.000000 -35.221741 39.083584 50.000000
5.799997 -49.652199 70.615494 100.000000 -33.121975 39.329636 50.000000
5.899997 -49.938347 72.031227 100.000000 -30.954786 39.543503 50.000000
5.999997 -50.002068 73.389885 100.000000 -28.739449 39.727562 50.000000
6.099997 -49.860344 74.691887 100.000000 -26.494169 39.884205 50.000000
6.199996 -49.529667 75.937851 100.000000 -24.235989 40.015827 50.000000
6.299996 -49.026108 77.128555 100.000000 -21.980831 40.124813 50.000000
6.399996 -48.365185 78.264946 100.000000 -19.743469 40.213509 50.000000
6.499996 -47.561981 79.348091 100.000000 -17.537426 40.284225 50.000000
6.599996 -46.630898 80.379189 100.000000 -15.375102 40.339214 50.000000
6.699996 -45.585846 81.359543 100.000000 -13.267682 40.380657 50.000000
6.799996 -44.440098 82.290558 100.000000 -11.225153 40.410667 50.000000
6.899996 -43.206390 83.173714 100.000000 -9.256426 40.431274 50.000000
6.999996 -41.896812 84.010551 100.000000 -7.369284 40.444408 50.000000
7.099996 -40.522781 84.802681 100.000000 -5.570365 40.451904 50.000000
7.199996 -39.095200 85.551758 100.000000 -3.865270 40.455498 50.000000
7.299995 -37.624344 86.259468 100.000000 -2.258618 40.456814 50.000000
7.399995 -36.119839 86.927521 100.000000 -0.754032 40.457371 50.000000
7.499995 -34.590714 87.557640 100.000000 0.645768 40.458572 50.000000
7.599995 -33.045395 88.151566 100.000000 1.938947 40.461704 50.000000
7.699995 -31.491760 88.711029 100.000000 3.124537 40.467945 50.000000
7.799995 -29.937073 89.237755 100.000000 4.202279 40.478359 50.000000
7.899995 -28.388039 89.733459 100.000000 5.172640 40.493893 50.000000
7.999995 -26.850861 90.199837 100.000000 6.036791 40.515385 50.000000
8.099995 -25.331186 90.638550 100.000000 6.796480 40.543568 50.000000
8.199995 -23.834129 91.051231 100.000000 7.453987 40.579063 50.000000
8.299995 -22.364309 91.439491 100.000000 8.012136 40.622395 50.000000
8.399996 -20.925947 91.804878 100.000000 8.474164 40.673981 50.000000
8.499996 -19.522669 92.148918 100.000000 8.843735 40.734154 50.000000
8.599997 -18.157793 92.473083 100.000000 9.124796 40.803150 50.000000
8.699997 -16.834160 92.778793 100.000000 9.321630 40.881123 50.000000
8.799997 -15.554199 93.067421 100.000000 9.438746 40.968143 50.000000
8.899998 -14.319982 93.340279 100.000000 9.480848 41.064213 50.000000
8.999998 -13.133182 93.598640 100.000000 9.452764 41.169254 50.000000
9.099998 -11.995220 93.843719 100.000000 9.359486 41.283131 50.000000
9.199999 -10.907169 94.076660 100.000000 9.206042 41.405643 50.000000
9.299999 -9.869732 94.298569 100.000000 8.997506 41.536541 50.000000
9.400000 -8.883442 94.510483 100.000000 8.738943 41.675522 50.000000
9.500000 -7.948498 94.713394 100.000000 8.435390 41.822243 50.000000
9.600000 -7.064930 94.908226 100.000000 8.091805 41.976322 50.000000
9.700001 -6.232469 95.095848 100.000000 7.713054 42.137344 50.000000
9.800001 -5.450665 95.277084 100.000000 7.303895 42.304867 50.000000
9.900002 -4.718933 95.452690 100.000000 6.868937 42.478420 50.000000
10.000002 -4.036436 95.623383 100.000000 6.412651 42.657516 50.000000
10.100002 -3.402275 95.789818 100.000000 5.939339 42.841656 50.000000
10.200003 -2.815360 95.952606 100.000000 5.453079 43.030331 50.000000
10.300003 -2.274508 96.112312 100.000000 4.957727 43.223019 50.000000
10.400003 -1.778448 96.269440 100.000000 4.457002 43.419201 50.000000
10.500004 -1.325741 96.424454 100.000000 3.954335 43.618355 50.000000
10.600004 -0.914912 96.577774 100.000000 3.452978 43.819965 50.000000
10.700005 -0.544414 96.729790 100.000000 2.955909 44.023525 50.000000
10.800005 -0.212709 96.880829 100.000000 2.465874 44.228535 50.000000
10.900005 0.081899 97.031197 100.000000 1.985393 44.434502 50.000000
11.000006 0.341048 97.181152 100.000000 1.516788 44.640957 50.000000
11.100006 0.566453 97.330925 100.000000 1.062079 44.847443 50.000000
11.200006 0.759814 97.480705 100.000000 0.623097 45.053520 50.000000
11.300007 0.922867 97.630661 100.000000 0.201435 45.258766 50.000000
11.400007 1.057299 97.780930 100.000000 -0.201494 45.462784 50.000000
11.500008 1.164793 97.931610 100.000000 -0.584541 45.665199 50.000000
11.600008 1.247082 98.082779 100.000000 -0.946770 45.865654 50.000000
11.700008 1.305852 98.234505 100.000000 -1.287374 46.063820 50.000000
11.800009 1.342674 98.386810 100.000000 -1.605803 46.259388 50.000000
11.900009 1.359221 98.539711 100.000000 -1.901633 46.452076 50.000000
12.000010 1.357056 98.693207 100.000000 -2.174640 46.641628 50.000000
12.100010 1.337680 98.847275 100.000000 -2.424767 46.827808 50.000000
12.200010 1.302585 99.001877 100.000000 -2.652072 47.010406 50.000000
12.300011 1.253215 99.156960 100.000000 -2.856763 47.189232 50.000000
12.400011 1.190969 99.312454 100.000000 -3.039139 47.364124 50.000000
12.500011 1.117210 99.468292 100.000000 -3.199671 47.534943 50.000000
12.600012 1.033183 99.624382 100.000000 -3.338902 47.701569 50.000000
12.700012 0.940155 99.780632 100.000000 -3.457481 47.863903 50.000000
12.800013 0.839285 99.936935 100.000000 -3.556113 48.021870 50.000000
12.900013 0.731719 100.093193 100.000000 -3.635598 48.175411 50.000000
13.000013 0.618472 100.249290 100.000000 -3.696793 48.324490 50.000000
13.100014 0.500558 100.405106 100.000000 -3.740609 48.469082 50.000000
13.200014 0.378953 100.560516 100.000000 -3.767983 48.609184 50.000000
13.300014 0.254559 100.715408 100.000000 -3.779902 48.744804 50.000000
13.400015 0.128162 100.869652 100.000000 -3.777349 48.875969 50.000000
13.500015 0.000579 101.023125 100.000000 -3.761357 49.002716 50.000000
13.600016 -0.127481 101.175705 100.000000 -3.732957 49.125095 50.000000
13.700016 -0.255355 101.327263 100.000000 -3.693175 49.243172 50.000000
13.800016 -0.382391 101.477684 100.000000 -3.643061 49.357014 50.000000
13.900017 -0.508064 101.626846 100.000000 -3.583610 49.466702 50.000000
14.000017 -0.631841 101.774628 100.000000 -3.515816 49.572327 50.000000
14.100018 -0.753223 101.920921 100.000000 -3.440681 49.673985 50.000000
14.200018 -0.871832 102.065613 100.000000 -3.359157 49.771774 50.000000
14.300018 -0.987267 102.208588 100.000000 -3.272146 49.865803 50.000000
14.400019 -1.099149 102.349754 100.000000 -3.180539 49.956181 50.000000
14.500019 -1.207250 102.489006 100.000000 -3.085189 50.043022 50.000000
14.600019 -1.311266 102.626251 100.000000 -2.986915 50.126442 50.000000
14.700020 -1.410994 102.761398 100.000000 -2.886471 50.206558 50.000000
14.800020 -1.506236 102.894363 100.000000 -2.784588 50.283489 50.000000
14.900021 -1.596846 103.025063 100.000000 -2.681945 50.357353 50.000000
15.000021 -1.682679 103.153427 100.000000 -2.579173 50.428268 50.000000
15.100021 -1.763678 103.279388 100.000000 -2.476860 50.496353 50.000000
15.200022 -1.839782 103.402878 100.000000 -2.375556 50.561722 50.000000
15.300022 -1.910927 103.523842 100.000000 -2.275743 50.624489 50.000000
15.400023 -1.977129 103.642220 100.000000 -2.177878 50.684761 50.000000
15.500023 -2.038354 103.757973 100.000000 -2.082325 50.742653 50.000000
15.600023 -2.094690 103.871048 100.000000 -1.989494 50.798264 50.000000
15.700024 -2.146124 103.981415 100.000000 -1.899646 50.851696 50.000000
15.800024 -2.192765 104.089035 100.000000 -1.813064 50.903049 50.000000
15.900024 -2.234665 104.193886 100.000000 -1.729987 50.952415 50.000000
16.000025 -2.271947 104.295937 100.000000 -1.650585 50.999886 50.000000
16.100025 -2.304677 104.395172 100.000000 -1.575024 51.045544 50.000000
16.200026 -2.332994 104.491577 100.000000 -1.503404 51.089470 50.000000
16.300026 -2.357023 104.585144 100.000000 -1.435797 51.131741 50.000000
16.400026 -2.376912 104.675865 100.000000 -1.372248 51.172428 50.000000
16.500027 -2.392793 104.763741 100.000000 -1.312777 51.211597 50.000000
16.600027 -2.404826 104.848770 100.000000 -1.257348 51.249313 50.000000
16.700027 -2.413153 104.930962 100.000000 -1.205939 51.285637 50.000000
16.800028 -2.417945 105.010330 100.000000 -1.158505 51.320618 50.000000
16.900028 -2.419395 105.086876 100.000000 -1.114921 51.354309 50.000000
17.000029 -2.417595 105.160622 100.000000 -1.075110 51.386757 50.000000
17.100029 -2.412752 105.231590 100.000000 -1.038945 51.418003 50.000000
17.200029 -2.405054 105.299797 100.000000 -1.006288 51.448090 50.000000
17.300030 -2.394630 105.365273 100.000000 -0.977016 51.477047 50.000000
17.400030 -2.381680 105.428032 100.000000 -0.950928 51.504910 50.000000
17.500031 -2.366303 105.488113 100.000000 -0.927877 51.531704 50.000000
17.600031 -2.348716 105.545547 100.000000 -0.907668 51.557457 50.000000
17.700031 -2.329071 105.600365 100.000000 -0.890131 51.582191 50.000000
17.800032 -2.307511 105.652603 100.000000 -0.875076 51.605927 50.000000
17.900032 -2.284208 105.702293 100.000000 -0.862305 51.628681 50.000000
18.000032 -2.259277 105.749474 100.000000 -0.851638 51.650471 50.000000
18.100033 -2.232866 105.794189 100.000000 -0.842881 51.671307 50.000000
18.200033 -2.205154 105.836472 100.000000 -0.835827 51.691204 50.000000
18.300034 -2.176220 105.876366 100.000000 -0.830317 51.710171 50.000000
18.400034 -2.146222 105.913918 100.000000 -0.826147 51.728218 50.000000
18.500034 -2.115307 105.949165 100.000000 -0.823160 51.745350 50.000000
18.600035 -2.083567 105.982155 100.000000 -0.821151 51.761578 50.000000
18.700035 -2.051133 106.012924 100.000000 -0.819995 51.776901 50.000000
18.800035 -2.018080 106.041527 100.000000 -0.819483 51.791328 50.000000
18.900036 -1.984567 106.068001 100.000000 -0.819485 51.804867 50.000000
19.000036 -1.950653 106.092392 100.000000 -0.819883 51.817516 50.000000
19.100037 -1.916439 106.114746 100.000000 -0.820506 51.829281 50.000000
19.200037 -1.882018 106.135101 100.000000 -0.821228 51.840168 50.000000
19.300037 -1.847436 106.153511 100.000000 -0.821961 51.850178 50.000000
19.400038 -1.812821 106.170013 100.000000 -0.822566 51.859314 50.000000
19.500038 -1.778209 106.184654 100.000000 -0.822943 51.867580 50.000000
19.600039 -1.743676 106.197479 100.000000 -0.822999 51.874985 50.000000
19.700039 -1.709295 106.208534 100.000000 -0.822680 51.881527 50.000000
19.800039 -1.675134 106.217857 100.000000 -0.821873 51.887215 50.000000
19.900040 -1.641217 106.225494 100.000000 -0.820537 51.892056 50.000000
20.000040 -1.607609 106.231483 100.000000 -0.818631 51.896053 50.000000
20.100040 -1.574332 106.235870 100.000000 -0.816089 51.899216 50.000000
20.200041 -1.541449 106.238693 100.000000 -0.812878 51.901550 50.000000
20.300041 -1.508978 106.239990 100.000000 -0.808968 51.903061 50.000000
20.400042 -1.476938 106.239807 100.000000 -0.804300 51.903763 50.000000
20.500042 -1.445392 106.238174 100.000000 -0.798914 51.903660 50.000000
20.600042 -1.414315 106.235138 100.000000 -0.792749 51.902767 50.000000
20.700043 -1.383770 106.230736 100.000000 -0.785847 51.901093 50.000000
20.800043 -1.353777 106.224998 100.000000 -0.778182 51.898647 50.000000
20.900043 -1.324314 106.217964 100.000000 -0.769760 51.895443 50.000000
21.000044 -1.295403 106.209671 100.000000 -0.760588 51.891495 50.000000
21.100044 -1.267071 106.200157 100.000000 -0.750704 51.886818 50.000000
21.200045 -1.239341 106.189445 100.000000 -0.740143 51.881424 50.000000
21.300045 -1.212154 106.177574 100.000000 -0.728906 51.875328 50.000000
21.400045 -1.185541 106.164581 100.000000 -0.717026 51.868546 50.000000
21.500046 -1.159536 106.150490 100.000000 -0.704534 51.861092 50.000000
21.600046 -1.134084 106.135338 100.000000 -0.691459 51.852982 50.000000
21.700047 -1.109224 106.119148 100.000000 -0.677829 51.844234 50.000000
21.800047 -1.084908 106.101959 100.000000 -0.663702 51.834869 50.000000
21.900047 -1.061180 106.083794 100.000000 -0.649131 51.824902 50.000000
22.000048 -1.037996 106.064682 100.000000 -0.634137 51.814350 50.000000
22.100048 -1.015362 106.044647 100.000000 -0.618771 51.803230 50.000000
22.200048 -0.993241 106.023720 100.000000 -0.603050 51.791565 50.000000
22.300049 -0.971647 106.001930 100.000000 -0.587053 51.779369 50.000000
22.400049 -0.950590 105.979294 100.000000 -0.570793 51.766666 50.000000
22.500050 -0.930000 105.955841 100.000000 -0.554345 51.753471 50.000000
22.600050 -0.909899 105.931595 100.000000 -0.537720 51.739803 50.000000
22.700050 -0.890264 105.906586 100.000000 -0.520957 51.725685 50.000000
22.800051 -0.871122 105.880829 100.000000 -0.504127 51.711132 50.000000
22.900051 -0.852412 105.854347 100.000000 -0.487237 51.696163 50.000000
23.000051 -0.834124 105.827164 100.000000 -0.470325 51.680801 50.000000
23.100052 -0.816249 105.799301 100.000000 -0.453458 51.665062 50.000000
23.200052 -0.798780 105.770775 100.000000 -0.436639 51.648964 50.000000
23.300053 -0.781673 105.741615 100.000000 -0.419904 51.632526 50.000000
23.400053 -0.764971 105.711830 100.000000 -0.403289 51.615768 50.000000
23.500053 -0.748589 105.681450 100.000000 -0.386829 51.598705 50.000000
23.600054 -0.732577 105.650490 100.000000 -0.370526 51.581360 50.000000
23.700054 -0.716899 105.618965 100.000000 -0.354448 51.563747 50.000000
23.800055 -0.701522 105.586899 100.000000 -0.338598 51.545883 50.000000
23.900055 -0.686461 105.554306 100.000000 -0.322980 51.527786 50.000000
24.000055 -0.671687 105.521202 100.000000 -0.307633 51.509472 50.000000
24.100056 -0.657178 105.487610 100.000000 -0.292561 51.490955 50.000000
24.200056 -0.642953 105.453537 100.000000 -0.277774 51.472252 50.000000
24.300056 -0.628951 105.419006 100.000000 -0.263279 51.453381 50.000000
24.400057 -0.615198 105.384033 100.000000 -0.249122 51.434353 50.000000
24.500057 -0.601679 105.348633 100.000000 -0.235279 51.415188 50.000000
24.600058 -0.588380 105.312820 100.000000 -0.221796 51.395897 50.000000
24.700058 -0.575292 105.276619 100.000000 -0.208657 51.376492 50.000000
24.800058 -0.562449 105.240036 100.000000 -0.195846 51.356987 50.000000
24.900059 -0.549797 105.203079 100.000000 -0.183383 51.337399 50.000000
25.000059 -0.537291 105.165771 100.000000 -0.171290 51.317738 50.000000
25.100060 -0.524973 105.128128 100.000000 -0.159557 51.298016 50.000000
25.200060 -0.512841 105.090157 100.000000 -0.148176 51.278244 50.000000
25.300060 -0.500853 105.051880 100.000000 -0.137146 51.258430 50.000000
25.400061 -0.489055 105.013306 100.000000 -0.126432 51.238590 50.000000
25.500061 -0.477407 104.974442 100.000000 -0.116068 51.218735 50.000000
25.600061 -0.465872 104.935310 100.000000 -0.106058 51.198872 50.000000
25.700062 -0.454503 104.895920 100.000000 -0.096375 51.179012 50.000000
25.800062 -0.443264 104.856277 100.000000 -0.087026 51.159164 50.000000
25.900063 -0.432124 104.816406 100.000000 -0.077991 51.139339 50.000000
26.000063 -0.421141 104.776314 100.000000 -0.069284 51.119541 50.000000
26.100063 -0.410281 104.736008 100.000000 -0.060855 51.099781 50.000000
26.200064 -0.399518 104.695503 100.000000 -0.052724 51.080070 50.000000
26.300064 -0.388870 104.654816 100.000000 -0.044912 51.060413 50.000000
26.400064 -0.378355 104.613953 100.000000 -0.037377 51.040817 50.000000
26.500065 -0.367946 104.572922 100.000000 -0.030113 51.021286 50.000000
26.600065 -0.357622 104.531738 100.000000 -0.023084 51.001831 50.000000
26.700066 -0.347405 104.490417 100.000000 -0.016323 50.982456 50.000000
26.800066 -0.337319 104.448967 100.000000 -0.009798 50.963169 50.000000
26.900066 -0.327341 104.407394 100.000000 -0.003513 50.943974 50.000000
27.000067 -0.317455 104.365715 100.000000 0.002559 50.924877 50.000000
27.100067 -0.307685 104.323936 100.000000 0.008408 50.905884 50.000000
27.200068 -0.298015 104.282066 100.000000 0.014057 50.887001 50.000000
27.300068 -0.288431 104.240120 100.000000 0.019494 50.868233 50.000000
27.400068 -0.278962 104.198105 100.000000 0.024735 50.849583 50.000000
27.500069 -0.269594 104.156029 100.000000 0.029798 50.831055 50.000000
27.600069 -0.260316 104.113899 100.000000 0.034694 50.812656 50.000000
27.700069 -0.251117 104.071732 100.000000 0.039404 50.794388 50.000000
27.800070 -0.242030 104.029533 100.000000 0.043969 50.776253 50.000000
27.900070 -0.233047 103.987312 100.000000 0.048396 50.758259 50.000000
28.000071 -0.224158 103.945076 100.000000 0.052659 50.740406 50.000000
28.100071 -0.215357 103.902840 100.000000 0.056794 50.722702 50.000000
28.200071 -0.206680 103.860603 100.000000 0.060772 50.705147 50.000000
28.300072 -0.198079 103.818382 100.000000 0.064626 50.687744 50.000000
28.400072 -0.189591 103.776184 100.000000 0.068356 50.670494 50.000000
28.500072 -0.181213 103.734016 100.000000 0.071991 50.653404 50.000000
28.600073 -0.172941 103.691887 100.000000 0.075494 50.636475 50.000000
28.700073 -0.164772 103.649803 100.000000 0.078893 50.619709 50.000000
28.800074 -0.156706 103.607773 100.000000 0.082181 50.603107 50.000000
28.900074 -0.148740 103.565804 100.000000 0.085383 50.586678 50.000000
29.000074 -0.140877 103.523903 100.000000 0.088457 50.570415 50.000000
29.100075 -0.133116 103.482079 100.000000 0.091457 50.554329 50.000000
29.200075 -0.125460 103.440338 100.000000 0.094341 50.538414 50.000000
29.300076 -0.117911 103.398689 100.000000 0.097158 50.522678 50.000000
29.400076 -0.110473 103.357140 100.000000 0.099864 50.507122 50.000000
29.500076 -0.103149 103.315689 100.000000 0.102477 50.491745 50.000000
29.600077 -0.095901 103.274353 100.000000 0.105012 50.476551 50.000000
29.700077 -0.088779 103.233131 100.000000 0.107453 50.461540 50.000000
29.800077 -0.081746 103.192039 100.000000 0.109813 50.446712 50.000000
29.900078 -0.074853 103.151077 100.000000 0.112107 50.432072 50.000000
30.000078 -0.068062 103.110252 100.000000 0.114314 50.417618 50.000000
30.100079 -0.061382 103.069565 100.000000 0.116445 50.403355 50.000000
30.200079 -0.054780 103.029030 100.000000 0.118480 50.389278 50.000000
30.300079 -0.048311 102.988647 100.000000 0.120459 50.375393 50.000000
30.400080 -0.041942 102.948425 100.000000 0.122360 50.361702 50.000000
30.500080 -0.035683 102.908371 100.000000 0.124159 50.348202 50.000000
30.600080 -0.029547 102.868484 100.000000 0.125897 50.334896 50.000000
30.700081 -0.023504 102.828773 100.000000 0.127546 50.321785 50.000000
30.800081 -0.017568 102.789246 100.000000 0.129115 50.308868 50.000000
30.900082 -0.011753 102.749901 100.000000 0.130608 50.296146 50.000000
31.000082 -0.006031 102.710747 100.000000 0.132031 50.283619 50.000000
31.100082 -0.000418 102.671791 100.000000 0.133385 50.271290 50.000000
31.200083 0.005069 102.633034 100.000000 0.134644 50.259155 50.000000
31.300083 0.010457 102.594482 100.000000 0.135841 50.247219 50.000000
31.400084 0.015728 102.556137 100.000000 0.136948 50.235477 50.000000
31.500084 0.020908 102.518005 100.000000 0.137996 50.223934 50.000000
31.600084 0.025975 102.480087 100.000000 0.138955 50.212585 50.000000
31.700085 0.030954 102.442390 100.000000 0.139858 50.201435 50.000000
31.800085 0.035822 102.404922 100.000000 0.140671 50.190479 50.000000
31.900085 0.040560 102.367683 100.000000 0.141426 50.179722 50.000000
32.000084 0.045191 102.330673 100.000000 0.142088 50.169159 50.000000
32.100082 0.049734 102.293900 100.000000 0.142690 50.158791 50.000000
32.200081 0.054166 102.257362 100.000000 0.143226 50.148617 50.000000
32.300079 0.058506 102.221062 100.000000 0.143694 50.138638 50.000000
32.400078 0.062773 102.185013 100.000000 0.144091 50.128853 50.000000
32.500076 0.066898 102.149208 100.000000 0.144411 50.119263 50.000000
32.600075 0.070942 102.113655 100.000000 0.144652 50.109863 50.000000
32.700073 0.074879 102.078354 100.000000 0.144839 50.100658 50.000000
32.800072 0.078726 102.043304 100.000000 0.144936 50.091644 50.000000
32.900070 0.082497 102.008514 100.000000 0.144970 50.082821 50.000000
33.000069 0.086163 101.973984 100.000000 0.144933 50.074184 50.000000
33.100067 0.089740 101.939720 100.000000 0.144850 50.065735 50.000000
33.200066 0.093198 101.905716 100.000000 0.144713 50.057472 50.000000
33.300064 0.096595 101.871979 100.000000 0.144514 50.049397 50.000000
33.400063 0.099898 101.838509 100.000000 0.144245 50.041508 50.000000
33.500061 0.103120 101.805313 100.000000 0.143898 50.033802 50.000000
33.600060 0.106229 101.772385 100.000000 0.143496 50.026276 50.000000
33.700058 0.109281 101.739731 100.000000 0.143062 50.018932 50.000000
33.800056 0.112241 101.707352 100.000000 0.142553 50.011768 50.000000
33.900055 0.115120 101.675255 100.000000 0.141991 50.004780 50.000000
34.000053 0.117884 101.643433 100.000000 0.141398 49.997971 50.000000
34.100052 0.120587 101.611893 100.000000 0.140729 49.991333 50.000000
34.200050 0.123192 101.580635 100.000000 0.140039 49.984871 50.000000
34.300049 0.125710 101.549660 100.000000 0.139283 49.978580 50.000000
34.400047 0.128148 101.518967 100.000000 0.138482 49.972458 50.000000
34.500046 0.130514 101.488556 100.000000 0.137654 49.966503 50.000000
34.600044 0.132812 101.458427 100.000000 0.136788 49.960716 50.000000
34.700043 0.135048 101.428589 100.000000 0.135869 49.955093 50.000000
34.800041 0.137185 101.399033 100.000000 0.134917 49.949635 50.000000
34.900040 0.139272 101.369766 100.000000 0.133920 49.944336 50.000000
35.000038 0.141269 101.340790 100.000000 0.132894 49.939198 50.000000
35.100037 0.143182 101.312096 100.000000 0.131827 49.934216 50.000000
35.200035 0.145058 101.283691 100.000000 0.130736 49.929390 50.000000
35.300034 0.146855 101.255577 100.000000 0.129607 49.924717 50.000000
35.400032 0.148578 101.227753 100.000000 0.128457 49.920197 50.000000
35.500031 0.150229 101.200218 100.000000 0.127272 49.915829 50.000000
35.600029 0.151811 101.172974 100.000000 0.126037 49.911606 50.000000
35.700027 0.153326 101.146019 100.000000 0.124802 49.907532 50.000000
35.800026 0.154775 101.119354 100.000000 0.123519 49.903599 50.000000
35.900024 0.156160 101.092979 100.000000 0.122237 49.899807 50.000000
36.000023 0.157482 101.066895 100.000000 0.120940 49.896156 50.000000
36.100021 0.158741 101.041100 100.000000 0.119612 49.892643 50.000000
36.200020 0.159937 101.015587 100.000000 0.118269 49.889267 50.000000
36.300018 0.161112 100.990364 100.000000 0.116897 49.886024 50.000000
36.400017 0.162222 100.965431 100.000000 0.115510 49.882912 50.000000
36.500015 0.163264 100.940788 100.000000 0.114126 49.879929 50.000000
36.600014 0.164240 100.916428 100.000000 0.112727 49.877075 50.000000
36.700012 0.165190 100.892357 100.000000 0.111298 49.874348 50.000000
36.800011 0.166068 100.868576 100.000000 0.109855 49.871742 50.000000
36.900009 0.166873 100.845078 100.000000 0.108414 49.869259 50.000000
37.000008 0.167647 100.821861 100.000000 0.106957 49.866894 50.000000
37.100006 0.168386 100.798935 100.000000 0.105502 49.864647 50.000000
37.200005 0.169042 100.776291 100.000000 0.104031 49.862514 50.000000
37.300003 0.169658 100.753929 100.000000 0.102560 49.860497 50.000000
37.400002 0.170228 100.731850 100.000000 0.101074 49.858589 50.000000
37.500000 0.170750 100.710052 100.000000 0.099587 49.856792 50.000000
37.599998 0.171219 100.688538 100.000000 0.098084 49.855103 50.000000
37.699997 0.171630 100.667297 100.000000 0.096580 49.853516 50.000000
37.799995 0.172024 100.646339 100.000000 0.095092 49.852032 50.000000
37.899994 0.172350 100.625656 100.000000 0.093603 49.850651 50.000000
37.999992 0.172648 100.605247 100.000000 0.092095 49.849369 50.000000
38.099991 0.172912 100.585114 100.000000 0.090587 49.848183 50.000000
38.199989 0.173135 100.565254 100.000000 0.089093 49.847092 50.000000
38.299988 0.173311 100.545670 100.000000 0.087598 49.846096 50.000000
38.399986 0.173436 100.526352 100.000000 0.086085 49.845188 50.000000
38.499985 0.173546 100.507309 100.000000 0.084603 49.844372 50.000000
38.599983 0.173591 100.488533 100.000000 0.083104 49.843643 50.000000
38.699982 0.173609 100.470024 100.000000 0.081605 49.842999 50.000000
38.799980 0.173593 100.451782 100.000000 0.080122 49.842438 50.000000
38.899979 0.173535 100.433807 100.000000 0.078640 49.841957 50.000000
38.999977 0.173428 100.416092 100.000000 0.077174 49.841557 50.000000
39.099976 0.173310 100.398636 100.000000 0.075709 49.841232 50.000000
39.199974 0.173171 100.381447 100.000000 0.074261 49.840984 50.000000
39.299973 0.172960 100.364517 100.000000 0.072816 49.840813 50.000000
39.399971 0.172715 100.347839 100.000000 0.071359 49.840714 50.000000
39.499969 0.172471 100.331421 100.000000 0.069908 49.840683 50.000000
39.599968 0.172174 100.315254 100.000000 0.068480 49.840721 50.000000
39.699966 0.171861 100.299339 100.000000 0.067059 49.840828 50.000000
39.799965 0.171523 100.283676 100.000000 0.065632 49.841000 50.000000
39.899963 0.171150 100.268265 100.000000 0.064217 49.841232 50.000000
39.999962 0.170736 100.253098 100.000000 0.062831 49.841526 50.000000
40.099960 0.170314 100.238182 100.000000 0.061458 49.841881 50.000000
40.199959 0.169832 100.223511 100.000000 0.060086 49.842293 50.000000
40.299957 0.169326 100.209076 100.000000 0.058732 49.842762 50.000000
40.399956 0.168829 100.194885 100.000000 0.057383 49.843288 50.000000
40.499954 0.168288 100.180931 100.000000 0.056025 49.843868 50.000000
40.599953 0.167737 100.167221 100.000000 0.054679 49.844498 50.000000
40.699951 0.167123 100.153740 100.000000 0.053362 49.845177 50.000000
40.799950 0.166525 100.140495 100.000000 0.052061 49.845905 50.000000
40.899948 0.165889 100.127480 100.000000 0.050763 49.846684 50.000000
40.999947 0.165247 100.114700 100.000000 0.049455 49.847507 50.000000
41.099945 0.164547 100.102150 100.000000 0.048159 49.848373 50.000000
41.199944 0.163824 100.089821 100.000000 0.046893 49.849281 50.000000
41.299942 0.163112 100.077721 100.000000 0.045644 49.850231 50.000000
41.399940 0.162355 100.065842 100.000000 0.044400 49.851219 50.000000
41.499939 0.161589 100.054184 100.000000 0.043181 49.852245 50.000000
41.599937 0.160801 100.042747 100.000000 0.041975 49.853310 50.000000
41.699936 0.159984 100.031525 100.000000 0.040771 49.854408 50.000000
41.799934 0.159169 100.020515 100.000000 0.039588 49.855541 50.000000
41.899933 0.158345 100.009720 100.000000 0.038416 49.856709 50.000000
41.999931 0.157501 99.999138 100.000000 0.037244 49.857906 50.000000
42.099930 0.156628 99.988770 100.000000 0.036093 49.859135 50.000000
42.199928 0.155716 99.978607 100.000000 0.034952 49.860394 50.000000
42.299927 0.154799 99.968651 100.000000 0.033811 49.861679 50.000000
42.399925 0.153866 99.958893 100.000000 0.032692 49.862991 50.000000
42.499924 0.152949 99.949341 100.000000 0.031585 49.864326 50.000000
42.599922 0.151993 99.939987 100.000000 0.030510 49.865685 50.000000
42.699921 0.151032 99.930832 100.000000 0.029457 49.867065 50.000000
42.799919 0.150055 99.921875 100.000000 0.028415 49.868469 50.000000
42.899918 0.149051 99.913109 100.000000 0.027376 49.869892 50.000000
42.999916 0.148054 99.904533 100.000000 0.026361 49.871334 50.000000
43.099915 0.147051 99.896149 100.000000 0.025362 49.872795 50.000000
43.199913 0.146032 99.887955 100.000000 0.024370 49.874275 50.000000
43.299911 0.144987 99.879944 100.000000 0.023375 49.875771 50.000000
43.399910 0.143948 99.872116 100.000000 0.022402 49.877281 50.000000
43.499908 0.142904 99.864471 100.000000 0.021441 49.878803 50.000000
43.599907 0.141843 99.857010 100.000000 0.020516 49.880341 50.000000
43.699905 0.140757 99.849724 100.000000 0.019587 49.881889 50.000000
43.799904 0.139677 99.842613 100.000000 0.018676 49.883450 50.000000
43.899902 0.138592 99.835678 100.000000 0.017777 49.885017 50.000000
43.999901 0.137492 99.828911 100.000000 0.016913 49.886597 50.000000
44.099899 0.136409 99.822319 100.000000 0.016043 49.888184 50.000000
44.199898 0.135287 99.815895 100.000000 0.015194 49.889778 50.000000
44.299896 0.134162 99.809639 100.000000 0.014357 49.891376 50.000000
44.399895 0.133022 99.803543 100.000000 0.013556 49.892982 50.000000
44.499893 0.131900 99.797607 100.000000 0.012753 49.894592 50.000000
44.599892 0.130784 99.791832 100.000000 0.011972 49.896206 50.000000
44.699890 0.129662 99.786217 100.000000 0.011207 49.897823 50.000000
44.799889 0.128524 99.780762 100.000000 0.010451 49.899445 50.000000
44.899887 0.127361 99.775459 100.000000 0.009698 49.901066 50.000000
44.999886 0.126205 99.770309 100.000000 0.008973 49.902687 50.000000
45.099884 0.125046 99.765312 100.000000 0.008270 49.904308 50.000000
45.199883 0.123873 99.760460 100.000000 0.007583 49.905930 50.000000
45.299881 0.122718 99.755760 100.000000 0.006905 49.907551 50.000000
45.399879 0.121529 99.751205 100.000000 0.006231 49.909168 50.000000
45.499878 0.120339 99.746788 100.000000 0.005588 49.910786 50.000000
45.599876 0.119179 99.742516 100.000000 0.004938 49.912399 50.000000
45.699875 0.117996 99.738380 100.000000 0.004309 49.914009 50.000000
45.799873 0.116823 99.734383 100.000000 0.003694 49.915615 50.000000
45.899872 0.115648 99.730522 100.000000 0.003090 49.917213 50.000000
45.999870 0.114462 99.726791 100.000000 0.002522 49.918808 50.000000
46.099869 0.113298 99.723198 100.000000 0.001953 49.920395 50.000000
46.199867 0.112102 99.719734 100.000000 0.001411 49.921978 50.000000
46.299866 0.110908 99.716400 100.000000 0.000859 49.923553 50.000000
46.399864 0.109707 99.713188 100.000000 0.000327 49.925121 50.000000
46.499863 0.108531 99.710106 100.000000 -0.000192 49.926682 50.000000
46.599861 0.107326 99.707146 100.000000 -0.000700 49.928234 50.000000
46.699860 0.106127 99.704300 100.000000 -0.001201 49.929775 50.000000
46.799858 0.104966 99.701576 100.000000 -0.001668 49.931309 50.000000
46.899857 0.103788 99.698967 100.000000 -0.002137 49.932831 50.000000
46.999855 0.102628 99.696480 100.000000 -0.002579 49.934345 50.000000
47.099854 0.101433 99.694107 100.000000 -0.003031 49.935848 50.000000
47.199852 0.100237 99.691841 100.000000 -0.003461 49.937340 50.000000
47.299850 0.099074 99.689690 100.000000 -0.003875 49.938820 50.000000
47.399849 0.097889 99.687645 100.000000 -0.004275 49.940289 50.000000
47.499847 0.096718 99.685707 100.000000 -0.004665 49.941746 50.000000
47.599846 0.095551 99.683876 100.000000 -0.005047 49.943188 50.000000
47.699844 0.094377 99.682144 100.000000 -0.005392 49.944618 50.000000
47.799843 0.093232 99.680519 100.000000 -0.005737 49.946037 50.000000
47.899841 0.092061 99.678993 100.000000 -0.006083 49.947441 50.000000
47.999840 0.090899 99.677567 100.000000 -0.006399 49.948833 50.000000
48.099838 0.089738 99.676231 100.000000 -0.006722 49.950211 50.000000
48.199837 0.088612 99.674995 100.000000 -0.007020 49.951576 50.000000
48.299835 0.087465 99.673851 100.000000 -0.007329 49.952927 50.000000
48.399834 0.086334 99.672798 100.000000 -0.007616 49.954262 50.000000
48.499832 0.085210 99.671837 100.000000 -0.007886 49.955582 50.000000
48.599831 0.084083 99.670967 100.000000 -0.008140 49.956886 50.000000
48.699829 0.082945 99.670181 100.000000 -0.008380 49.958179 50.000000
48.799828 0.081831 99.669479 100.000000 -0.008640 49.959457 50.000000
48.899826 0.080731 99.668861 100.000000 -0.008887 49.960720 50.000000
48.999825 0.079637 99.668327 100.000000 -0.009124 49.961967 50.000000
49.099823 0.078539 99.667877 100.000000 -0.009351 49.963196 50.000000
49.199821 0.077430 99.667503 100.000000 -0.009540 49.964409 50.000000
49.299820 0.076345 99.667213 100.000000 -0.009723 49.965607 50.000000
49.399818 0.075233 99.667000 100.000000 -0.009903 49.966789 50.000000
49.499817 0.074129 99.666862 100.000000 -0.010080 49.967957 50.000000
49.599815 0.073027 99.666794 100.000000 -0.010254 49.969109 50.000000
49.699814 0.071960 99.666801 100.000000 -0.010425 49.970242 50.000000
49.799812 0.070876 99.666878 100.000000 -0.010564 49.971359 50.000000
49.899811 0.069811 99.667023 100.000000 -0.010703 49.972462 50.000000
49.999809 0.068757 99.667236 100.000000 -0.010843 49.973549 50.000000
50.099808 0.067705 99.667519 100.000000 -0.010984 49.974617 50.000000
50.199806 0.066648 99.667862 100.000000 -0.011094 49.975670 50.000000
50.299805 0.065622 99.668274 100.000000 -0.011206 49.976707 50.000000
50.399803 0.064575 99.668747 100.000000 -0.011321 49.977726 50.000000
50.499802 0.063544 99.669281 100.000000 -0.011406 49.978729 50.000000
50.599800 0.062522 99.669876 100.000000 -0.011495 49.979717 50.000000
50.699799 0.061500 99.670525 100.000000 -0.011587 49.980686 50.000000
50.799797 0.060514 99.671234 100.000000 -0.011651 49.981640 50.000000
50.899796 0.059513 99.671997 100.000000 -0.011719 49.982578 50.000000
50.999794 0.058533 99.672813 100.000000 -0.011790 49.983498 50.000000
51.099792 0.057567 99.673683 100.000000 -0.011832 49.984402 50.000000
51.199791 0.056607 99.674606 100.000000 -0.011879 49.985291 50.000000
51.299789 0.055647 99.675583 100.000000 -0.011929 49.986160 50.000000
51.399788 0.054680 99.676613 100.000000 -0.011950 49.987015 50.000000
51.499786 0.053700 99.677689 100.000000 -0.011975 49.987854 50.000000
51.599785 0.052745 99.678810 100.000000 -0.012002 49.988678 50.000000
51.699783 0.051808 99.679977 100.000000 -0.012032 49.989483 50.000000
51.799782 0.050880 99.681190 100.000000 -0.012031 49.990273 50.000000
51.899780 0.049955 99.682449 100.000000 -0.012032 49.991047 50.000000
51.999779 0.049027 99.683746 100.000000 -0.012035 49.991806 50.000000
52.099777 0.048134 99.685089 100.000000 -0.012038 49.992550 50.000000
52.199776 0.047224 99.686470 100.000000 -0.012040 49.993279 50.000000
52.299774 0.046335 99.687889 100.000000 -0.012041 49.993988 50.000000
52.399773 0.045461 99.689346 100.000000 -0.012008 49.994682 50.000000
52.499771 0.044596 99.690842 100.000000 -0.011974 49.995361 50.000000
52.599770 0.043732 99.692375 100.000000 -0.011938 49.996025 50.000000
52.699768 0.042865 99.693947 100.000000 -0.011899 49.996674 50.000000
52.799767 0.041990 99.695549 100.000000 -0.011857 49.997307 50.000000
52.899765 0.041144 99.697182 100.000000 -0.011809 49.997925 50.000000
52.999763 0.040321 99.698853 100.000000 -0.011756 49.998531 50.000000
53.099762 0.039472 99.700554 100.000000 -0.011729 49.999123 50.000000
53.199760 0.038635 99.702286 100.000000 -0.011692 49.999699 50.000000
53.299759 0.037805 99.704041 100.000000 -0.011646 50.000259 50.000000
53.399757 0.037020 99.705826 100.000000 -0.011589 50.000805 50.000000
53.499756 0.036228 99.707642 100.000000 -0.011522 50.001339 50.000000
53.599754 0.035426 99.709480 100.000000 -0.011475 50.001858 50.000000
53.699753 0.034652 99.711349 100.000000 -0.011415 50.002361 50.000000
53.799751 0.033858 99.713242 100.000000 -0.011340 50.002853 50.000000
53.899750 0.033083 99.715157 100.000000 -0.011282 50.003330 50.000000
53.999748 0.032320 99.717094 100.000000 -0.011208 50.003792 50.000000
54.099747 0.031566 99.719055 100.000000 -0.011117 50.004242 50.000000
54.199745 0.030814 99.721031 100.000000 -0.011040 50.004677 50.000000
54.299744 0.030104 99.723030 100.000000 -0.010944 50.005100 50.000000
54.399742 0.029385 99.725052 100.000000 -0.010859 50.005512 50.000000
54.499741 0.028655 99.727089 100.000000 -0.010785 50.005909 50.000000
54.599739 0.027952 99.729141 100.000000 -0.010687 50.006294 50.000000
54.699738 0.027271 99.731216 100.000000 -0.010597 50.006668 50.000000
54.799736 0.026564 99.733307 100.000000 -0.010513 50.007027 50.000000
54.899734 0.025871 99.735413 100.000000 -0.010403 50.007374 50.000000
54.999733 0.025188 99.737534 100.000000 -0.010297 50.007710 50.000000
55.099731 0.024510 99.739670 100.000000 -0.010194 50.008034 50.000000
55.199730 0.023834 99.741814 100.000000 -0.010094 50.008347 50.000000
55.299728 0.023198 99.743973 100.000000 -0.009993 50.008648 50.000000
55.399727 0.022553 99.746140 100.000000 -0.009891 50.008938 50.000000
55.499725 0.021939 99.748322 100.000000 -0.009786 50.009216 50.000000
55.599724 0.021309 99.750511 100.000000 -0.009678 50.009483 50.000000
55.699722 0.020702 99.752716 100.000000 -0.009564 50.009739 50.000000
55.799721 0.020071 99.754929 100.000000 -0.009445 50.009983 50.000000
55.899719 0.019458 99.757149 100.000000 -0.009319 50.010216 50.000000
55.999718 0.018858 99.759377 100.000000 -0.009185 50.010441 50.000000
56.099716 0.018266 99.761612 100.000000 -0.009074 50.010654 50.000000
56.199715 0.017680 99.763855 100.000000 -0.008951 50.010857 50.000000
56.299713 0.017096 99.766098 100.000000 -0.008816 50.011051 50.000000
56.399712 0.016553 99.768349 100.000000 -0.008700 50.011234 50.000000
56.499710 0.016004 99.770607 100.000000 -0.008568 50.011410 50.000000
56.599709 0.015445 99.772865 100.000000 -0.008451 50.011574 50.000000
56.699707 0.014918 99.775131 100.000000 -0.008317 50.011730 50.000000
56.799706 0.014375 99.777397 100.000000 -0.008196 50.011879 50.000000
56.899704 0.013858 99.779663 100.000000 -0.008085 50.012016 50.000000
56.999702 0.013361 99.781937 100.000000 -0.007952 50.012146 50.000000
57.099701 0.012838 99.784210 100.000000 -0.007828 50.012268 50.000000
57.199699 0.012332 99.786484 100.000000 -0.007711 50.012383 50.000000
57.299698 0.011839 99.788757 100.000000 -0.007599 50.012489 50.000000
57.399696 0.011355 99.791031 100.000000 -0.007491 50.012585 50.000000
57.499695 0.010877 99.793304 100.000000 -0.007353 50.012672 50.000000
57.599693 0.010404 99.795578 100.000000 -0.007218 50.012753 50.000000
57.699692 0.009932 99.797852 100.000000 -0.007085 50.012825 50.000000
57.799690 0.009460 99.800117 100.000000 -0.006951 50.012890 50.000000
57.899689 0.009027 99.802383 100.000000 -0.006817 50.012951 50.000000
57.999687 0.008586 99.804649 100.000000 -0.006710 50.013004 50.000000
58.099686 0.008137 99.806908 100.000000 -0.006599 50.013050 50.000000
58.199684 0.007720 99.809166 100.000000 -0.006480 50.013088 50.000000
58.299683 0.007288 99.811417 100.000000 -0.006354 50.013119 50.000000
58.399681 0.006884 99.813667 100.000000 -0.006221 50.013145 50.000000
58.499680 0.006460 99.815910 100.000000 -0.006110 50.013165 50.000000
58.599678 0.006060 99.818153 100.000000 -0.005987 50.013180 50.000000
58.699677 0.005638 99.820389 100.000000 -0.005884 50.013187 50.000000
58.799675 0.005235 99.822617 100.000000 -0.005767 50.013191 50.000000
58.899673 0.004848 99.824837 100.000000 -0.005666 50.013187 50.000000
58.999672 0.004476 99.827049 100.000000 -0.005549 50.013180 50.000000
59.099670 0.004115 99.829254 100.000000 -0.005447 50.013165 50.000000
59.199669 0.003763 99.831451 100.000000 -0.005325 50.013145 50.000000
59.299667 0.003419 99.833641 100.000000 -0.005217 50.013119 50.000000
59.399666 0.003079 99.835823 100.000000 -0.005088 50.013088 50.000000
59.499664 0.002744 99.837997 100.000000 -0.004970 50.013054 50.000000
59.599663 0.002410 99.840164 100.000000 -0.004861 50.013016 50.000000
59.699661 0.002076 99.842323 100.000000 -0.004760 50.012970 50.000000
59.799660 0.001742 99.844475 100.000000 -0.004634 50.012920 50.000000
59.899658 0.001407 99.846619 100.000000 -0.004514 50.012867 50.000000
59.999657 0.001068 99.848747 100.000000 -0.004400 50.012810 50.000000
60.099655 4.001068 99.854866 200.000000 3.995600 50.016750 150.000000
60.199654 8.001068 99.868958 200.000000 7.995600 50.028664 150.000000
60.299652 12.001068 99.894981 200.000000 11.995600 50.052513 150.000000
60.399651 16.001068 99.936874 200.000000 15.995600 50.092239 150.000000
60.499649 20.001068 99.998558 200.000000 19.995600 50.151764 150.000000
60.599648 24.001068 100.083939 200.000000 23.995600 50.234985 150.000000
60.699646 28.001068 100.196892 200.000000 27.995600 50.345787 150.000000
60.799644 32.001068 100.341278 200.000000 31.995600 50.488029 150.000000
60.899643 36.001068 100.520943 200.000000 35.995598 50.665558 150.000000
60.999641 40.001068 100.739716 200.000000 39.995598 50.882195 150.000000
61.099640 44.001068 101.001396 200.000000 43.995598 51.141743 150.000000
61.199638 48.001068 101.309769 200.000000 47.995598 51.447990 150.000000
61.299637 52.001068 101.668602 200.000000 51.995598 51.804699 150.000000
61.399635 56.001068 102.081642 200.000000 55.995598 52.215622 150.000000
61.499634 60.001068 102.552612 200.000000 59.995598 52.684486 150.000000
61.599632 64.001068 103.085228 200.000000 63.995598 53.215000 150.000000
61.699631 68.001068 103.683182 200.000000 67.995598 53.810860 150.000000
61.799629 72.001068 104.350151 200.000000 71.995598 54.475735 150.000000
61.899628 76.001068 105.089783 200.000000 75.995598 55.213280 150.000000
61.999626 80.001068 105.905724 200.000000 79.995598 56.027134 150.000000
62.099625 84.001068 106.801582 200.000000 83.995598 56.920914 150.000000
62.199623 88.001068 107.780960 200.000000 87.995598 57.898220 150.000000
62.299622 92.001068 108.847443 200.000000 83.995598 58.954636 150.000000
62.399620 89.833580 109.998428 200.000000 79.995598 60.085766 150.000000
62.499619 85.833580 111.229492 200.000000 75.995598 61.287235 150.000000
62.599617 81.833580 112.536232 200.000000 71.995598 62.554691 150.000000
62.699615 77.833580 113.914276 200.000000 67.995598 63.883808 150.000000
62.799614 73.833580 115.359261 200.000000 63.995598 65.270271 150.000000
62.899612 69.833580 116.866852 200.000000 59.995598 66.709801 150.000000
62.999611 65.833580 118.432739 200.000000 55.995598 68.198128 150.000000
63.099609 61.833580 120.052635 200.000000 51.995598 69.731010 150.000000
63.199608 57.833580 121.722267 200.000000 47.995598 71.304222 150.000000
63.299606 53.833580 123.437378 200.000000 43.995598 72.913567 150.000000
63.399605 49.833580 125.193748 200.000000 39.995598 74.554855 150.000000
63.499603 45.833580 126.987175 200.000000 35.995598 76.223938 150.000000
63.599602 41.833580 128.813461 200.000000 31.995598 77.916664 150.000000
63.699600 37.833580 130.668457 200.000000 27.995598 79.628929 150.000000
63.799599 33.833580 132.548004 200.000000 23.995598 81.356628 150.000000
63.899597 29.833580 134.447998 200.000000 19.995598 83.095680 150.000000
63.999596 25.833580 136.364319 200.000000 15.995598 84.842033 150.000000
64.099594 21.833580 138.292892 200.000000 11.995598 86.591652 150.000000
64.199593 17.833580 140.229660 200.000000 7.995598 88.340515 150.000000
64.299591 13.833580 142.170578 200.000000 3.995598 90.084633 150.000000
64.399590 9.833580 144.111618 200.000000 -0.004402 91.820023 150.000000
64.499588 5.833580 146.048782 200.000000 -4.004402 93.542732 150.000000
64.599586 1.833580 147.978104 200.000000 -8.004402 95.248825 150.000000
64.699585 -2.166420 149.895615 200.000000 -12.004402 96.934380 150.000000
64.799583 -6.166420 151.797363 200.000000 -16.004402 98.595505 150.000000
64.899582 -10.166420 153.679443 200.000000 -20.004402 100.228317 150.000000
64.999580 -14.166420 155.537949 200.000000 -24.004402 101.828964 150.000000
65.099579 -18.166420 157.368988 200.000000 -28.004402 103.393600 150.000000
65.199577 -22.166420 159.168701 200.000000 -32.004402 104.918411 150.000000
65.299576 -26.166420 160.933258 200.000000 -36.004402 106.399597 150.000000
65.399574 -30.166420 162.658829 200.000000 -40.004402 107.833366 150.000000
65.499573 -34.166420 164.341599 200.000000 -44.004402 109.215965 150.000000
65.599571 -38.166420 165.977783 200.000000 -48.004402 110.543648 150.000000
65.699570 -42.166420 167.563629 200.000000 -52.004402 111.812683 150.000000
65.799568 -46.166420 169.095383 200.000000 -56.004402 113.019371 150.000000
65.899567 -49.666084 170.569809 200.000000 -58.964596 114.161064 150.000000
65.999565 -49.952465 171.986908 200.000000 -58.113167 115.238930 150.000000
66.099564 -50.016357 173.346909 200.000000 -56.939491 116.254471 150.000000
66.199562 -49.874760 174.650223 200.000000 -55.475761 117.209457 150.000000
66.299561 -49.544121 175.897476 200.000000 -53.753548 118.105919 150.000000
66.399559 -49.040573 177.089462 200.000000 -51.803864 118.946091 150.000000
66.499557 -48.379715 178.227112 200.000000 -49.656807 119.732407 150.000000
66.599556 -47.576515 179.311493 200.000000 -47.341652 120.467445 150.000000
66.699554 -46.645416 180.343811 200.000000 -44.886532 121.153923 150.000000
66.799553 -45.600342 181.325363 200.000000 -42.318501 121.794655 150.000000
66.899551 -44.454559 182.257553 200.000000 -39.663353 122.392517 150.000000
66.999550 -43.220768 183.141861 200.000000 -36.945477 122.950447 150.000000
67.099548 -41.911079 183.979828 200.000000 -34.187962 123.471397 150.000000
67.199547 -40.536911 184.773071 200.000000 -31.412392 123.958328 150.000000
67.299545 -39.109207 185.523239 200.000000 -28.638939 124.414185 150.000000
67.399544 -37.638191 186.232025 200.000000 -25.886261 124.841881 150.000000
67.499542 -36.133545 186.901123 200.000000 -23.171589 125.244263 150.000000
67.599541 -34.604210 187.532272 200.000000 -20.510490 125.624123 150.000000
67.699539 -33.058689 188.127213 200.000000 -17.917175 125.984169 150.000000
67.799538 -31.504864 188.687668 200.000000 -15.404346 126.327011 150.000000
67.899536 -29.949961 189.215378 200.000000 -12.983208 126.655151 150.000000
67.999535 -28.400770 189.712051 200.000000 -10.663536 126.970993 150.000000
68.099533 -26.863441 190.179367 200.000000 -8.453846 127.276794 150.000000
68.199532 -25.343536 190.619003 200.000000 -6.361122 127.574707 150.000000
68.299530 -23.846260 191.032608 200.000000 -4.391251 127.866737 150.000000
68.399529 -22.376322 191.421768 200.000000 -2.548786 128.154770 150.000000
68.499527 -20.937798 191.788040 200.000000 -0.837250 128.440521 150.000000
68.599525 -19.534367 192.132950 200.000000 0.741188 128.725586 150.000000
68.699524 -18.169334 192.457962 200.000000 2.185226 129.011414 150.000000
68.799522 -16.845512 192.764496 200.000000 3.494556 129.299301 150.000000
68.899521 -15.565321 193.053940 200.000000 4.669876 129.590424 150.000000
68.999519 -14.330921 193.327606 200.000000 5.712551 129.885803 150.000000
69.099518 -13.143985 193.586761 200.000000 6.624851 130.186325 150.000000
69.199516 -12.005882 193.832611 200.000000 7.409740 130.492752 150.000000
69.299515 -10.917646 194.066315 200.000000 8.070732 130.805725 150.000000
69.399513 -9.880068 194.288971 200.000000 8.611868 131.125732 150.000000
69.499512 -8.893629 194.501617 200.000000 9.037918 131.453186 150.000000
69.599510 -7.958533 194.705246 200.000000 9.353735 131.788361 150.000000
69.699509 -7.074807 194.900772 200.000000 9.564747 132.131424 150.000000
69.799507 -6.242142 195.089081 200.000000 9.676718 132.482437 150.000000
69.899506 -5.460172 195.270996 200.000000 9.695665 132.841400 150.000000
69.999504 -4.728310 195.447266 200.000000 9.627562 133.208191 150.000000
70.099503 -4.045674 195.618607 200.000000 9.478798 133.582626 150.000000
70.199501 -3.411363 195.785690 200.000000 9.255688 133.964447 150.000000
70.299500 -2.824373 195.949112 200.000000 8.964626 134.353317 150.000000
70.399498 -2.283430 196.109436 200.000000 8.612057 134.748856 150.000000
70.499496 -1.787263 196.267166 200.000000 8.204279 135.150620 150.000000
70.599495 -1.334434 196.422775 200.000000 7.747568 135.558121 150.000000
70.699493 -0.923510 196.576675 200.000000 7.248064 135.970840 150.000000
70.799492 -0.552899 196.729263 200.000000 6.711691 136.388214 150.000000
70.899490 -0.221107 196.880859 200.000000 6.144293 136.809631 150.000000
70.999489 0.073607 197.031769 200.000000 5.551651 137.234497 150.000000
71.099487 0.332881 197.182266 200.000000 4.938999 137.662186 150.000000
71.199486 0.558345 197.332565 200.000000 4.311459 138.092041 150.000000
71.299484 0.751788 197.482864 200.000000 3.674046 138.523422 150.000000
71.399483 0.914905 197.633331 200.000000 3.031315 138.955673 150.000000
71.499481 1.049381 197.784088 200.000000 2.387659 139.388153 150.000000
71.599480 1.156991 197.935257 200.000000 1.747066 139.820221 150.000000
71.699478 1.239329 198.086899 200.000000 1.113283 140.251236 150.000000
71.799477 1.298177 198.239090 200.000000 0.489840 140.680588 150.000000
71.899475 1.335061 198.391846 200.000000 -0.120174 141.107681 150.000000
71.999474 1.351699 198.545197 200.000000 -0.713947 141.531921 150.000000
72.099472 1.349566 198.699127 200.000000 -1.288809 141.952744 150.000000
72.199471 1.330255 198.853622 200.000000 -1.842457 142.369629 150.000000
72.299469 1.295211 199.008636 200.000000 -2.373060 142.782059 150.000000
72.399467 1.245923 199.164124 200.000000 -2.878830 143.189545 150.000000
72.499466 1.183748 199.320007 200.000000 -3.358292 143.591629 150.000000
72.599464 1.110090 199.476227 200.000000 -3.810238 143.987900 150.000000
72.699463 1.026152 199.632690 200.000000 -4.233843 144.377945 150.000000
72.799461 0.933200 199.789307 200.000000 -4.628263 144.761414 150.000000
72.899460 0.832397 199.945969 200.000000 -4.993137 145.137970 150.000000
72.999458 0.724890 200.102570 200.000000 -5.328173 145.507324 150.000000
73.099457 0.611735 200.259003 200.000000 -5.633392 145.869202 150.000000
73.199455 0.493905 200.415146 200.000000 -5.908869 146.223358 150.000000
73.299454 0.372375 200.570892 200.000000 -6.154846 146.569580 150.000000
73.399452 0.247966 200.726105 200.000000 -6.371725 146.907700 150.000000
73.499451 0.121597 200.880661 200.000000 -6.560188 147.237579 150.000000
73.599449 -0.005960 201.034439 200.000000 -6.721043 147.559082 150.000000
73.699448 -0.133996 201.187317 200.000000 -6.854979 147.872116 150.000000
73.799446 -0.261848 201.339157 200.000000 -6.962944 148.176636 150.000000
73.899445 -0.388819 201.489853 200.000000 -7.046144 148.472580 150.000000
73.999443 -0.514429 201.639282 200.000000 -7.105511 148.759933 150.000000
74.099442 -0.638145 201.787323 200.000000 -7.142229 149.038712 150.000000
74.199440 -0.759469 201.933868 200.000000 -7.157608 149.308945 150.000000
74.299438 -0.878020 202.078796 200.000000 -7.152933 149.570663 150.000000
74.399437 -0.993354 202.222015 200.000000 -7.129362 149.823944 150.000000
74.499435 -1.105224 202.363419 200.000000 -7.088302 150.068878 150.000000
74.599434 -1.213306 202.502899 200.000000 -7.031150 150.305557 150.000000
74.699432 -1.317301 202.640366 200.000000 -6.959171 150.534088 150.000000
74.799431 -1.417002 202.775726 200.000000 -6.873635 150.754608 150.000000
74.899429 -1.512213 202.908890 200.000000 -6.775946 150.967239 150.000000
74.999428 -1.602745 203.039795 200.000000 -6.667258 151.172150 150.000000
75.099426 -1.688582 203.168350 200.000000 -6.549001 151.369492 150.000000
75.199425 -1.769535 203.294495 200.000000 -6.422356 151.559418 150.000000
75.299423 -1.845586 203.418167 200.000000 -6.288408 151.742111 150.000000
75.399422 -1.916715 203.539307 200.000000 -6.148408 151.917740 150.000000
75.499420 -1.982893 203.657852 200.000000 -6.003374 152.086487 150.000000
75.599419 -2.044086 203.773758 200.000000 -5.854378 152.248535 150.000000
75.699417 -2.100339 203.886978 200.000000 -5.702405 152.404068 150.000000
75.799416 -2.151686 203.997482 200.000000 -5.548374 152.553268 150.000000
75.899414 -2.198234 204.105240 200.000000 -5.393135 152.696335 150.000000
75.999413 -2.240077 204.210220 200.000000 -5.237602 152.833450 150.000000
76.099411 -2.277293 204.312393 200.000000 -5.082505 152.964798 150.000000
76.199409 -2.309950 204.411743 200.000000 -4.928526 153.090561 150.000000
76.299408 -2.338185 204.508270 200.000000 -4.776305 153.210922 150.000000
76.399406 -2.362209 204.601944 200.000000 -4.626448 153.326050 150.000000
76.499405 -2.382035 204.692764 200.000000 -4.479390 153.436127 150.000000
76.599403 -2.397842 204.780731 200.000000 -4.335683 153.541321 150.000000
76.699402 -2.409791 204.865860 200.000000 -4.195718 153.641785 150.000000
76.799400 -2.418110 204.948135 200.000000 -4.059749 153.737686 150.000000
76.899399 -2.422835 205.027588 200.000000 -3.928142 153.829178 150.000000
76.999397 -2.424248 205.104218 200.000000 -3.801131 153.916412 150.000000
77.099396 -2.422438 205.178040 200.000000 -3.678944 153.999542 150.000000
77.199394 -2.417568 205.249069 200.000000 -3.561807 154.078690 150.000000
77.299393 -2.409785 205.317337 200.000000 -3.449691 154.153992 150.000000
77.399391 -2.399305 205.382858 200.000000 -3.342711 154.225571 150.000000
77.499390 -2.386242 205.445679 200.000000 -3.240860 154.293549 150.000000
77.599388 -2.370868 205.505814 200.000000 -3.144147 154.358047 150.000000
77.699387 -2.353262 205.563293 200.000000 -3.052593 154.419174 150.000000
77.799385 -2.333580 205.618149 200.000000 -2.966107 154.477020 150.000000
77.899384 -2.311965 205.670410 200.000000 -2.884492 154.531693 150.000000
77.999382 -2.288547 205.720123 200.000000 -2.807702 154.583282 150.000000
78.099380 -2.263529 205.767334 200.000000 -2.735585 154.631882 150.000000
78.199379 -2.237101 205.812073 200.000000 -2.668007 154.677567 150.000000
78.299377 -2.209349 205.854370 200.000000 -2.604736 154.720428 150.000000
78.399376 -2.180356 205.894272 200.000000 -2.545691 154.760529 150.000000
78.499374 -2.150280 205.931824 200.000000 -2.490558 154.797943 150.000000
78.599373 -2.119268 205.967072 200.000000 -2.439179 154.832718 150.000000
78.699371 -2.087457 206.000061 200.000000 -2.391172 154.864929 150.000000
78.799370 -2.054974 206.030823 200.000000 -2.346440 154.894638 150.000000
78.899368 -2.021851 206.059418 200.000000 -2.304776 154.921890 150.000000
78.999367 -1.988288 206.085876 200.000000 -2.265871 154.946747 150.000000
79.099365 -1.954303 206.110245 200.000000 -2.229575 154.969254 150.000000
79.199364 -1.919997 206.132584 200.000000 -2.195629 154.989441 150.000000
79.299362 -1.885548 206.152924 200.000000 -2.163675 155.007370 150.000000
79.399361 -1.850956 206.171310 200.000000 -2.133639 155.023071 150.000000
79.499359 -1.816305 206.187790 200.000000 -2.105209 155.036591 150.000000
79.599358 -1.781672 206.202393 200.000000 -2.078224 155.047958 150.000000
79.699356 -1.747050 206.215179 200.000000 -2.052418 155.057220 150.000000
79.799355 -1.712600 206.226196 200.000000 -2.027673 155.064407 150.000000
79.899353 -1.678389 206.235474 200.000000 -2.003759 155.069565 150.000000
79.999352 -1.644396 206.243057 200.000000 -1.980595 155.072708 150.000000
80.099350 -1.610689 206.248993 200.000000 -1.957859 155.073883 150.000000
80.199348 -1.577331 206.253326 200.000000 -1.935505 155.073105 150.000000
80.299347 -1.544386 206.256088 200.000000 -1.913245 155.070419 150.000000
80.399345 -1.511826 206.257324 200.000000 -1.891066 155.065857 150.000000
80.499344 -1.479715 206.257080 200.000000 -1.868833 155.059448 150.000000
80.599342 -1.448114 206.255386 200.000000 -1.846426 155.051224 150.000000
80.699341 -1.416997 206.252289 200.000000 -1.823735 155.041229 150.000000
80.799339 -1.386425 206.247818 200.000000 -1.800787 155.029480 150.000000
80.899338 -1.356374 206.242020 200.000000 -1.777362 155.016006 150.000000
80.999336 -1.326910 206.234924 200.000000 -1.753380 155.000854 150.000000
81.099335 -1.298007 206.226562 200.000000 -1.728897 154.984039 150.000000
81.199333 -1.269649 206.216965 200.000000 -1.703716 154.965607 150.000000
81.299332 -1.241819 206.206177 200.000000 -1.677909 154.945587 150.000000
81.399330 -1.214590 206.194229 200.000000 -1.651418 154.924026 150.000000
81.499329 -1.187947 206.181152 200.000000 -1.624320 154.900940 150.000000
81.599327 -1.161879 206.166977 200.000000 -1.596437 154.876373 150.000000
81.699326 -1.136377 206.151733 200.000000 -1.567857 154.850357 150.000000
81.799324 -1.111436 206.135468 200.000000 -1.538540 154.822937 150.000000
81.899323 -1.087137 206.118195 200.000000 -1.508577 154.794144 150.000000
81.999321 -1.063388 206.099945 200.000000 -1.477929 154.764023 150.000000
82.099319 -1.040192 206.080734 200.000000 -1.446689 154.732605 150.000000
82.199318 -1.017468 206.060608 200.000000 -1.414824 154.699936 150.000000
82.299316 -0.995313 206.039581 200.000000 -1.382425 154.666046 150.000000
82.399315 -0.973649 206.017685 200.000000 -1.349463 154.630966 150.000000
82.499313 -0.952492 205.994949 200.000000 -1.315908 154.594757 150.000000
82.599312 -0.931857 205.971405 200.000000 -1.281989 154.557434 150.000000
82.699310 -0.911760 205.947067 200.000000 -1.247547 154.519058 150.000000
82.799309 -0.892136 205.921951 200.000000 -1.212811 154.479660 150.000000
82.899307 -0.872922 205.896088 200.000000 -1.177750 154.439285 150.000000
82.999306 -0.854151 205.869507 200.000000 -1.142464 154.397964 150.000000
83.099304 -0.835853 205.842209 200.000000 -1.106923 154.355743 150.000000
83.199303 -0.817887 205.814240 200.000000 -1.071229 154.312668 150.000000
83.299301 -0.800381 205.785614 200.000000 -1.035483 154.268768 150.000000
83.399300 -0.783285 205.756348 200.000000 -0.999656 154.224091 150.000000
83.499298 -0.766554 205.726456 200.000000 -0.963852 154.178665 150.000000
83.599297 -0.750148 205.695969 200.000000 -0.928044 154.132538 150.000000
83.699295 -0.734117 205.664886 200.000000 -0.892342 154.085754 150.000000
83.799294 -0.718339 205.633255 200.000000 -0.856848 154.038345 150.000000
83.899292 -0.702958 205.601074 200.000000 -0.821538 153.990356 150.000000
83.999290 -0.687852 205.568359 200.000000 -0.786521 153.941818 150.000000
84.099289 -0.672997 205.535141 200.000000 -0.751776 153.892776 150.000000
84.199287 -0.658456 205.501434 200.000000 -0.717417 153.843262 150.000000
84.299286 -0.644204 205.467255 200.000000 -0.683425 153.793304 150.000000
84.399284 -0.630220 205.432602 200.000000 -0.649791 153.742950 150.000000
84.499283 -0.616400 205.397507 200.000000 -0.616637 153.692230 150.000000
84.599281 -0.602821 205.361984 200.000000 -0.583953 153.641174 150.000000
84.699280 -0.589468 205.326050 200.000000 -0.551739 153.589828 150.000000
84.799278 -0.576330 205.289719 200.000000 -0.520122 153.538223 150.000000
84.899277 -0.563398 205.253006 200.000000 -0.489102 153.486389 150.000000
84.999275 -0.550665 205.215927 200.000000 -0.458683 153.434341 150.000000
85.099274 -0.538126 205.178497 200.000000 -0.428750 153.382126 150.000000
85.199272 -0.525778 205.140732 200.000000 -0.399452 153.329773 150.000000
85.299271 -0.513618 205.102646 200.000000 -0.370805 153.277313 150.000000
85.399269 -0.501645 205.064240 200.000000 -0.342831 153.224777 150.000000
85.499268 -0.489776 205.025543 200.000000 -0.315555 153.172180 150.000000
85.599266 -0.478105 204.986557 200.000000 -0.288881 153.119568 150.000000
85.699265 -0.466547 204.947296 200.000000 -0.262973 153.066956 150.000000
85.799263 -0.455113 204.907776 200.000000 -0.237741 153.014359 150.000000
85.899261 -0.443814 204.868011 200.000000 -0.213104 152.961823 150.000000
85.999260 -0.432659 204.828018 200.000000 -0.189243 152.909363 150.000000
86.099258 -0.421659 204.787796 200.000000 -0.166081 152.856995 150.000000
86.199257 -0.410742 204.747375 200.000000 -0.143552 152.804749 150.000000
86.299255 -0.400008 204.706757 200.000000 -0.121722 152.752640 150.000000
86.399254 -0.389386 204.665939 200.000000 -0.100535 152.700684 150.000000
86.499252 -0.378807 204.624954 200.000000 -0.079941 152.648911 150.000000
86.599251 -0.368380 204.583801 200.000000 -0.060025 152.597336 150.000000
86.699249 -0.358038 204.542496 200.000000 -0.040743 152.545975 150.000000
86.799248 -0.347802 204.501053 200.000000 -0.022063 152.494858 150.000000
86.899246 -0.337696 204.459488 200.000000 -0.004078 152.443985 150.000000
86.999245 -0.327739 204.417801 200.000000 0.013365 152.393387 150.000000
87.099243 -0.317870 204.375992 200.000000 0.030157 152.343063 150.000000
87.199242 -0.308029 204.334091 200.000000 0.046443 152.293045 150.000000
87.299240 -0.298334 204.292099 200.000000 0.062101 152.243332 150.000000
87.399239 -0.288723 204.250031 200.000000 0.077268 152.193954 150.000000
87.499237 -0.279227 204.207886 200.000000 0.091812 152.144913 150.000000
87.599236 -0.269789 204.165695 200.000000 0.105863 152.096222 150.000000
87.699234 -0.260526 204.123444 200.000000 0.119406 152.047897 150.000000
87.799232 -0.251297 204.081161 200.000000 0.132430 151.999939 150.000000
87.899231 -0.242222 204.038849 200.000000 0.145040 151.952362 150.000000
87.999229 -0.233246 203.996506 200.000000 0.157211 151.905182 150.000000
88.099228 -0.224318 203.954147 200.000000 0.168913 151.858414 150.000000
88.199226 -0.215478 203.911789 200.000000 0.180115 151.812057 150.000000
88.299225 -0.206761 203.869446 200.000000 0.190911 151.766129 150.000000
88.399223 -0.198204 203.827103 200.000000 0.201258 151.720627 150.000000
88.499222 -0.189670 203.784790 200.000000 0.211242 151.675568 150.000000
88.599220 -0.181287 203.742508 200.000000 0.220810 151.630951 150.000000
88.699219 -0.173006 203.700256 200.000000 0.230038 151.586777 150.000000
88.799217 -0.164784 203.658051 200.000000 0.238993 151.543076 150.000000
88.899216 -0.156664 203.615906 200.000000 0.247484 151.499832 150.000000
88.999214 -0.148688 203.573822 200.000000 0.255706 151.457062 150.000000
89.099213 -0.140810 203.531815 200.000000 0.263588 151.414764 150.000000
89.199211 -0.133074 203.489883 200.000000 0.271186 151.372955 150.000000
89.299210 -0.125438 203.448029 200.000000 0.278424 151.331635 150.000000
89.399208 -0.117861 203.406265 200.000000 0.285354 151.290802 150.000000
89.499207 -0.110392 203.364609 200.000000 0.292024 151.250473 150.000000
89.599205 -0.103078 203.323059 200.000000 0.298347 151.210632 150.000000
89.699203 -0.095877 203.281616 200.000000 0.304493 151.171295 150.000000
89.799202 -0.088753 203.240295 200.000000 0.310369 151.132477 150.000000
89.899200 -0.081756 203.199097 200.000000 0.315881 151.094162 150.000000
89.999199 -0.074850 203.158020 200.000000 0.321195 151.056366 150.000000
90.099197 -0.068000 203.117081 200.000000 0.326210 151.019073 150.000000
90.199196 -0.061261 203.076294 200.000000 0.331080 150.982300 150.000000
90.299194 -0.054686 203.035660 200.000000 0.335699 150.946045 150.000000
90.399193 -0.048237 202.995178 200.000000 0.340090 150.910324 150.000000
90.499191 -0.041881 202.954849 200.000000 0.344145 150.875122 150.000000
90.599190 -0.035589 202.914688 200.000000 0.348014 150.840439 150.000000
90.699188 -0.029418 202.874695 200.000000 0.351711 150.806290 150.000000
90.799187 -0.023337 202.834885 200.000000 0.355120 150.772659 150.000000
90.899185 -0.017404 202.795258 200.000000 0.358382 150.739563 150.000000
90.999184 -0.011588 202.755814 200.000000 0.361375 150.706985 150.000000
91.099182 -0.005860 202.716568 200.000000 0.364238 150.674942 150.000000
91.199181 -0.000279 202.677505 200.000000 0.366844 150.643417 150.000000
91.299179 0.005267 202.638657 200.000000 0.369327 150.612427 150.000000
91.399178 0.010630 202.600006 200.000000 0.371558 150.581955 150.000000
91.499176 0.015924 202.561569 200.000000 0.373666 150.552017 150.000000
91.599174 0.021088 202.523346 200.000000 0.375519 150.522598 150.000000
91.699173 0.026145 202.485336 200.000000 0.377245 150.493713 150.000000
91.799171 0.031119 202.447540 200.000000 0.378709 150.465347 150.000000
91.899170 0.036030 202.409973 200.000000 0.380036 150.437500 150.000000
91.999168 0.040811 202.372635 200.000000 0.381216 150.410172 150.000000
92.099167 0.045487 202.335526 200.000000 0.382236 150.383362 150.000000
92.199165 0.050077 202.298660 200.000000 0.383085 150.357071 150.000000
92.299164 0.054514 202.262024 200.000000 0.383753 150.331299 150.000000
92.399162 0.058908 202.225632 200.000000 0.384226 150.306030 150.000000
92.499161 0.063185 202.189484 200.000000 0.384617 150.281281 150.000000
92.599159 0.067367 202.153595 200.000000 0.384779 150.257034 150.000000
92.699158 0.071385 202.117950 200.000000 0.384827 150.233292 150.000000
92.799156 0.075345 202.082565 200.000000 0.384738 150.210052 150.000000
92.899155 0.079175 202.047440 200.000000 0.384493 150.187317 150.000000
92.999153 0.082893 202.012558 200.000000 0.384072 150.165085 150.000000
93.099152 0.086600 201.977951 200.000000 0.383454 150.143341 150.000000
93.199150 0.090135 201.943604 200.000000 0.382746 150.122086 150.000000
93.299149 0.093601 201.909515 200.000000 0.381922 150.101318 150.000000
93.399147 0.097010 201.875702 200.000000 0.380954 150.081039 150.000000
93.499146 0.100288 201.842148 200.000000 0.379819 150.061249 150.000000
93.599144 0.103533 201.808868 200.000000 0.378492 150.041931 150.000000
93.699142 0.106668 201.775864 200.000000 0.377075 150.023087 150.000000
93.799141 0.109707 201.743134 200.000000 0.375537 150.004715 150.000000
93.899139 0.112659 201.710678 200.000000 0.373849 149.986801 150.000000
93.999138 0.115535 201.678497 200.000000 0.372108 149.969360 150.000000
94.099136 0.118344 201.646606 200.000000 0.370155 149.952377 150.000000
94.199135 0.121008 201.614990 200.000000 0.368089 149.935837 150.000000
94.299133 0.123625 201.583664 200.000000 0.366004 149.919754 150.000000
94.399132 0.126116 201.552612 200.000000 0.363735 149.904114 150.000000
94.499130 0.128577 201.521851 200.000000 0.361380 149.888916 150.000000
94.599129 0.130924 201.491364 200.000000 0.358903 149.874146 150.000000
94.699127 0.133253 201.461166 200.000000 0.356397 149.859802 150.000000
94.799126 0.135481 201.431259 200.000000 0.353821 149.845886 150.000000
94.899124 0.137614 201.401642 200.000000 0.351138 149.832397 150.000000
94.999123 0.139659 201.372299 200.000000 0.348314 149.819321 150.000000
95.099121 0.141707 201.343246 200.000000 0.345439 149.806656 150.000000
95.199120 0.143672 201.314484 200.000000 0.342475 149.794403 150.000000
95.299118 0.145558 201.286011 200.000000 0.339385 149.782547 150.000000
95.399117 0.147369 201.257828 200.000000 0.336258 149.771088 150.000000
95.499115 0.149109 201.229935 200.000000 0.333054 149.760010 150.000000
95.599113 0.150781 201.202332 200.000000 0.329858 149.749329 150.000000
95.699112 0.152386 201.175018 200.000000 0.326502 149.739014 150.000000
95.799110 0.153928 201.147995 200.000000 0.323202 149.729080 150.000000
95.899109 0.155406 201.121262 200.000000 0.319786 149.719513 150.000000
95.999107 0.156823 201.094818 200.000000 0.316342 149.710312 150.000000
96.099106 0.158179 201.068665 200.000000 0.312829 149.701477 150.000000
96.199104 0.159474 201.042801 200.000000 0.309205 149.692993 150.000000
96.299103 0.160708 201.017227 200.000000 0.305561 149.684860 150.000000
96.399101 0.161882 200.991943 200.000000 0.301852 149.677063 150.000000
96.499100 0.162993 200.966949 200.000000 0.298164 149.669601 150.000000
96.599098 0.164043 200.942245 200.000000 0.294452 149.662476 150.000000
96.699097 0.165030 200.917831 200.000000 0.290672 149.655670 150.000000
96.799095 0.165953 200.893707 200.000000 0.286911 149.649185 150.000000
96.899094 0.166810 200.869873 200.000000 0.283123 149.643021 150.000000
96.999092 0.167601 200.846329 200.000000 0.279266 149.637161 150.000000
97.099091 0.168324 200.823074 200.000000 0.275427 149.631607 150.000000
97.199089 0.168976 200.800095 200.000000 0.271560 149.626358 150.000000
97.299088 0.169642 200.777405 200.000000 0.267625 149.621399 150.000000
97.399086 0.170228 200.754990 200.000000 0.263707 149.616730 150.000000
97.499084 0.170818 200.732864 200.000000 0.259763 149.612350 150.000000
97.599083 0.171319 200.711014 200.000000 0.255751 149.608246 150.000000
97.699081 0.171816 200.689453 200.000000 0.251759 149.604416 150.000000
97.799080 0.172215 200.668167 200.000000 0.247743 149.600845 150.000000
97.899078 0.172601 200.647171 200.000000 0.243786 149.597534 150.000000
97.999077 0.172881 200.626450 200.000000 0.239844 149.594482 150.000000
98.099075 0.173141 200.606003 200.000000 0.235874 149.591690 150.000000
98.199074 0.173373 200.585831 200.000000 0.231836 149.589142 150.000000
98.299072 0.173569 200.565933 200.000000 0.227819 149.586823 150.000000
98.399071 0.173726 200.546310 200.000000 0.223906 149.584747 150.000000
98.499069 0.173835 200.526962 200.000000 0.219924 149.582901 150.000000
98.599068 0.173893 200.507874 200.000000 0.215963 149.581284 150.000000
98.699066 0.173977 200.489059 200.000000 0.211982 149.579880 150.000000
98.799065 0.173992 200.470520 200.000000 0.208067 149.578690 150.000000
98.899063 0.173934 200.452240 200.000000 0.204176 149.577713 150.000000
98.999062 0.173883 200.434219 200.000000 0.200267 149.576935 150.000000
99.099060 0.173830 200.416473 200.000000 0.196430 149.576370 150.000000
99.199059 0.173679 200.398987 200.000000 0.192495 149.575989 150.000000
99.299057 0.173512 200.381760 200.000000 0.188682 149.575806 150.000000
99.399055 0.173322 200.364792 200.000000 0.184821 149.575806 150.000000
99.499054 0.173099 200.348083 200.000000 0.181003 149.575989 150.000000
99.599052 0.172836 200.331635 200.000000 0.177189 149.576340 150.000000
99.699051 0.172526 200.315430 200.000000 0.173467 149.576874 150.000000
99.799049 0.172245 200.299484 200.000000 0.169671 149.577576 150.000000
99.899048 0.171898 200.283798 200.000000 0.165895 149.578430 150.000000
99.999046 0.171477 200.268356 200.000000 0.162228 149.579453 150.000000
100.099045 0.171064 200.253159 200.000000 0.158504 149.580627 150.000000
100.199043 0.170646 200.238205 200.000000 0.154817 149.581940 150.000000
100.299042 0.170213 200.223495 200.000000 0.151256 149.583405 150.000000
100.399040 0.169756 200.209030 200.000000 0.147654 149.585007 150.000000
100.499039 0.169265 200.194809 200.000000 0.144108 149.586746 150.000000
100.599037 0.168732 200.180832 200.000000 0.140580 149.588623 150.000000
100.699036 0.168149 200.167099 200.000000 0.137038 149.590622 150.000000
100.799034 0.167509 200.153595 200.000000 0.133576 149.592743 150.000000
100.899033 0.166889 200.140320 200.000000 0.130158 149.594986 150.000000
100.999031 0.166278 200.127289 200.000000 0.126750 149.597351 150.000000
101.099030 0.165577 200.114487 200.000000 0.123323 149.599823 150.000000
101.199028 0.164868 200.101913 200.000000 0.119972 149.602402 150.000000
101.299026 0.164140 200.089569 200.000000 0.116663 149.605087 150.000000
101.399025 0.163382 200.077438 200.000000 0.113365 149.607864 150.000000
101.499023 0.162671 200.065536 200.000000 0.110174 149.610748 150.000000
101.599022 0.161906 200.053864 200.000000 0.106929 149.613724 150.000000
101.699020 0.161081 200.042404 200.000000 0.103732 149.616776 150.000000
101.799019 0.160273 200.031158 200.000000 0.100678 149.619919 150.000000
101.899017 0.159470 200.020126 200.000000 0.097606 149.623138 150.000000
101.999016 0.158659 200.009308 200.000000 0.094616 149.626450 150.000000
102.099014 0.157830 199.998703 200.000000 0.091551 149.629822 150.000000
102.199013 0.156973 199.988312 200.000000 0.088643 149.633270 150.000000
102.299011 0.156079 199.978134 200.000000 0.085731 149.636795 150.000000
102.399010 0.155138 199.968155 200.000000 0.082791 149.640381 150.000000
102.499008 0.154227 199.958374 200.000000 0.079926 149.644028 150.000000
102.599007 0.153334 199.948807 200.000000 0.077108 149.647736 150.000000
102.699005 0.152359 199.939438 200.000000 0.074311 149.651505 150.000000
102.799004 0.151383 199.930267 200.000000 0.071510 149.655319 150.000000
102.899002 0.150394 199.921295 200.000000 0.068810 149.659180 150.000000
102.999001 0.149382 199.912506 200.000000 0.066181 149.663086 150.000000
103.098999 0.148422 199.903915 200.000000 0.063599 149.667038 150.000000
103.198997 0.147414 199.895523 200.000000 0.061038 149.671036 150.000000
103.298996 0.146349 199.887314 200.000000 0.058478 149.675064 150.000000
103.398994 0.145306 199.879288 200.000000 0.056024 149.679138 150.000000
103.498993 0.144271 199.871445 200.000000 0.053524 149.683243 150.000000
103.598991 0.143232 199.863785 200.000000 0.051087 149.687378 150.000000
103.698990 0.142179 199.856308 200.000000 0.048691 149.691544 150.000000
103.798988 0.141102 199.849014 200.000000 0.046315 149.695724 150.000000
103.898987 0.139990 199.841888 200.000000 0.044064 149.699936 150.000000
103.998985 0.138920 199.834946 200.000000 0.041788 149.704163 150.000000
104.098984 0.137793 199.828171 200.000000 0.039597 149.708420 150.000000
104.198982 0.136686 199.821564 200.000000 0.037343 149.712692 150.000000
104.298981 0.135588 199.815125 200.000000 0.035140 149.716965 150.000000
104.398979 0.134486 199.808853 200.000000 0.033094 149.721252 150.000000
104.498978 0.133369 199.802750 200.000000 0.031053 149.725555 150.000000
104.598976 0.132228 199.796814 200.000000 0.029003 149.729858 150.000000
104.698975 0.131054 199.791031 200.000000 0.027054 149.734177 150.000000
104.798973 0.129922 199.785416 200.000000 0.025061 149.738495 150.000000
104.898972 0.128734 199.779953 200.000000 0.023138 149.742813 150.000000
104.998970 0.127569 199.774643 200.000000 0.021267 149.747131 150.000000
105.098969 0.126413 199.769485 200.000000 0.019431 149.751450 150.000000
105.198967 0.125254 199.764481 200.000000 0.017616 149.755768 150.000000
105.298965 0.124084 199.759628 200.000000 0.015807 149.760071 150.000000
105.398964 0.122891 199.754913 200.000000 0.014118 149.764374 150.000000
105.498962 0.121752 199.750351 200.000000 0.012403 149.768661 150.000000
105.598961 0.120568 199.745926 200.000000 0.010779 149.772934 150.000000
105.698959 0.119415 199.741638 200.000000 0.009228 149.777206 150.000000
105.798958 0.118282 199.737503 200.000000 0.007610 149.781464 150.000000
105.898956 0.117072 199.733505 200.000000 0.006044 149.785706 150.000000
105.998955 0.115865 199.729645 200.000000 0.004518 149.789932 150.000000
106.098953 0.114650 199.725906 200.000000 0.003018 149.794144 150.000000
106.198952 0.113503 199.722305 200.000000 0.001534 149.798325 150.000000
106.298950 0.112323 199.718842 200.000000 0.000181 149.802490 150.000000
106.398949 0.111104 199.715500 200.000000 -0.001183 149.806625 150.000000
106.498947 0.109923 199.712280 200.000000 -0.002442 149.810745 150.000000
106.598946 0.108766 199.709183 200.000000 -0.003734 149.814835 150.000000
106.698944 0.107624 199.706223 200.000000 -0.004940 149.818909 150.000000
106.798943 0.106399 199.703369 200.000000 -0.006199 149.822952 150.000000
106.898941 0.105257 199.700638 200.000000 -0.007388 149.826965 150.000000
106.998940 0.104099 199.698029 200.000000 -0.008519 149.830948 150.000000
107.098938 0.102916 199.695541 200.000000 -0.009602 149.834900 150.000000
107.198936 0.101700 199.693161 200.000000 -0.010647 149.838821 150.000000
107.298935 0.100529 199.690887 200.000000 -0.011662 149.842712 150.000000
107.398933 0.099390 199.688736 200.000000 -0.012654 149.846573 150.000000
107.498932 0.098187 199.686691 200.000000 -0.013631 149.850403 150.000000
107.598930 0.097000 199.684753 200.000000 -0.014598 149.854202 150.000000
107.698929 0.095819 199.682922 200.000000 -0.015560 149.857971 150.000000
107.798927 0.094634 199.681198 200.000000 -0.016523 149.861694 150.000000
107.898926 0.093436 199.679565 200.000000 -0.017366 149.865387 150.000000
107.998924 0.092302 199.678040 200.000000 -0.018226 149.869034 150.000000
108.098923 0.091134 199.676605 200.000000 -0.018980 149.872650 150.000000
108.198921 0.090011 199.675278 200.000000 -0.019765 149.876236 150.000000
108.298920 0.088835 199.674042 200.000000 -0.020582 149.879776 150.000000
108.398918 0.087686 199.672897 200.000000 -0.021306 149.883270 150.000000
108.498917 0.086554 199.671844 200.000000 -0.021946 149.886734 150.000000
108.598915 0.085429 199.670883 200.000000 -0.022637 149.890152 150.000000
108.698914 0.084303 199.670013 200.000000 -0.023251 149.893539 150.000000
108.798912 0.083166 199.669235 200.000000 -0.023922 149.896881 150.000000
108.898911 0.082012 199.668533 200.000000 -0.024523 149.900177 150.000000
108.998909 0.080918 199.667923 200.000000 -0.025059 149.903427 150.000000
109.098907 0.079787 199.667389 200.000000 -0.025538 149.906647 150.000000
109.198906 0.078699 199.666946 200.000000 -0.026089 149.909821 150.000000
109.298904 0.077557 199.666580 200.000000 -0.026584 149.912949 150.000000
109.398903 0.076443 199.666290 200.000000 -0.027027 149.916031 150.000000
109.498901 0.075346 199.666077 200.000000 -0.027423 149.919083 150.000000
109.598900 0.074257 199.665939 200.000000 -0.027901 149.922089 150.000000
109.698898 0.073169 199.665878 200.000000 -0.028331 149.925049 150.000000
109.798897 0.072074 199.665894 200.000000 -0.028716 149.927963 150.000000
109.898895 0.070964 199.665970 200.000000 -0.029060 149.930832 150.000000
109.998894 0.069918 199.666122 200.000000 -0.029365 149.933655 150.000000
110.098892 0.068839 199.666336 200.000000 -0.029635 149.936432 150.000000
110.198891 0.067808 199.666626 200.000000 -0.029870 149.939178 150.000000
110.298889 0.066728 199.666977 200.000000 -0.030199 149.941879 150.000000
110.398888 0.065681 199.667389 200.000000 -0.030488 149.944534 150.000000
110.498886 0.064657 199.667862 200.000000 -0.030741 149.947144 150.000000
110.598885 0.063649 199.668396 200.000000 -0.030958 149.949707 150.000000
110.698883 0.062647 199.668991 200.000000 -0.031142 149.952225 150.000000
110.798882 0.061644 199.669647 200.000000 -0.031293 149.954697 150.000000
110.898880 0.060635 199.670364 200.000000 -0.031412 149.957123 150.000000
110.998878 0.059612 199.671127 200.000000 -0.031501 149.959518 150.000000
111.098877 0.058656 199.671951 200.000000 -0.031684 149.961868 150.000000
111.198875 0.057669 199.672821 200.000000 -0.031829 149.964172 150.000000
111.298874 0.056732 199.673752 200.000000 -0.031937 149.966431 150.000000
111.398872 0.055752 199.674728 200.000000 -0.032009 149.968643 150.000000
111.498871 0.054809 199.675766 200.000000 -0.032044 149.970810 150.000000
111.598869 0.053809 199.676849 200.000000 -0.032044 149.972946 150.000000
111.698868 0.052837 199.677979 200.000000 -0.032134 149.975037 150.000000
111.798866 0.051883 199.679153 200.000000 -0.032181 149.977081 150.000000
111.898865 0.050940 199.680374 200.000000 -0.032185 149.979080 150.000000
111.998863 0.050001 199.681641 200.000000 -0.032147 149.981033 150.000000
112.098862 0.049061 199.682938 200.000000 -0.032068 149.982956 150.000000
112.198860 0.048199 199.684280 200.000000 -0.032072 149.984833 150.000000
112.298859 0.047318 199.685669 200.000000 -0.032026 149.986664 150.000000
112.398857 0.046414 199.687088 200.000000 -0.031932 149.988464 150.000000
112.498856 0.045569 199.688553 200.000000 -0.031914 149.990219 150.000000
112.598854 0.044687 199.690048 200.000000 -0.031840 149.991928 150.000000
112.698853 0.043852 199.691589 200.000000 -0.031711 149.993607 150.000000
112.798851 0.042968 199.693161 200.000000 -0.031652 149.995239 150.000000
112.898849 0.042121 199.694763 200.000000 -0.031531 149.996826 150.000000
112.998848 0.041301 199.696411 200.000000 -0.031350 149.998383 150.000000
113.098846 0.040417 199.698090 200.000000 -0.031233 149.999893 150.000000
113.198845 0.039554 199.699799 200.000000 -0.031049 150.001373 150.000000
113.298843 0.038705 199.701538 200.000000 -0.030924 150.002808 150.000000
113.398842 0.037864 199.703308 200.000000 -0.030725 150.004211 150.000000
113.498840 0.037026 199.705093 200.000000 -0.030580 150.005569 150.000000
113.598839 0.036270 199.706909 200.000000 -0.030356 150.006897 150.000000
113.698837 0.035501 199.708755 200.000000 -0.030181 150.008179 150.000000
113.798836 0.034716 199.710632 200.000000 -0.029922 150.009430 150.000000
113.898834 0.033911 199.712524 200.000000 -0.029708 150.010651 150.000000
113.998833 0.033169 199.714447 200.000000 -0.029531 150.011826 150.000000
114.098831 0.032394 199.716385 200.000000 -0.029260 150.012970 150.000000
114.198830 0.031671 199.718353 200.000000 -0.029024 150.014084 150.000000
114.298828 0.030907 199.720337 200.000000 -0.028816 150.015152 150.000000
114.398827 0.030184 199.722336 200.000000 -0.028505 150.016190 150.000000
114.498825 0.029497 199.724365 200.000000 -0.028222 150.017197 150.000000
114.598824 0.028753 199.726410 200.000000 -0.027959 150.018173 150.000000
114.698822 0.028038 199.728470 200.000000 -0.027712 150.019119 150.000000
114.798820 0.027345 199.730545 200.000000 -0.027476 150.020035 150.000000
114.898819 0.026670 199.732635 200.000000 -0.027246 150.020920 150.000000
114.998817 0.026006 199.734741 200.000000 -0.027020 150.021774 150.000000
115.098816 0.025351 199.736862 200.000000 -0.026792 150.022583 150.000000
115.198814 0.024699 199.738998 200.000000 -0.026435 150.023361 150.000000
115.298813 0.024046 199.741150 200.000000 -0.026078 150.024124 150.000000
115.398811 0.023390 199.743317 200.000000 -0.025843 150.024857 150.000000
115.498810 0.022727 199.745499 200.000000 -0.025593 150.025558 150.000000
115.598808 0.022054 199.747681 200.000000 -0.025326 150.026230 150.000000
115.698807 0.021454 199.749878 200.000000 -0.025038 150.026871 150.000000
115.798805 0.020832 199.752090 200.000000 -0.024728 150.027481 150.000000
115.898804 0.020188 199.754303 200.000000 -0.024393 150.028061 150.000000
115.998802 0.019605 199.756531 200.000000 -0.024032 150.028625 150.000000
116.098801 0.018990 199.758759 200.000000 -0.023768 150.029160 150.000000
116.198799 0.018427 199.761002 200.000000 -0.023465 150.029663 150.000000
116.298798 0.017826 199.763245 200.000000 -0.023122 150.030136 150.000000
116.398796 0.017270 199.765503 200.000000 -0.022739 150.030594 150.000000
116.498795 0.016668 199.767761 200.000000 -0.022439 150.031021 150.000000
116.598793 0.016107 199.770020 200.000000 -0.022089 150.031433 150.000000
116.698792 0.015579 199.772293 200.000000 -0.021813 150.031815 150.000000
116.798790 0.014997 199.774567 200.000000 -0.021477 150.032166 150.000000
116.898788 0.014444 199.776840 200.000000 -0.021083 150.032501 150.000000
116.998787 0.013918 199.779114 200.000000 -0.020755 150.032806 150.000000
117.098785 0.013413 199.781387 200.000000 -0.020360 150.033096 150.000000
117.198784 0.012925 199.783676 200.000000 -0.020025 150.033371 150.000000
117.298782 0.012366 199.785965 200.000000 -0.019742 150.033615 150.000000
117.398781 0.011823 199.788254 200.000000 -0.019378 150.033844 150.000000
117.498779 0.011294 199.790543 200.000000 -0.019062 150.034058 150.000000
117.598778 0.010774 199.792831 200.000000 -0.018786 150.034241 150.000000
117.698776 0.010261 199.795105 200.000000 -0.018419 150.034409 150.000000
117.798775 0.009836 199.797379 200.000000 -0.018089 150.034561 150.000000
117.898773 0.009407 199.799652 200.000000 -0.017791 150.034698 150.000000
117.998772 0.008972 199.801926 200.000000 -0.017518 150.034805 150.000000
118.098770 0.008529 199.804199 200.000000 -0.017142 150.034897 150.000000
118.198769 0.008077 199.806473 200.000000 -0.016790 150.034973 150.000000
118.298767 0.007615 199.808731 200.000000 -0.016458 150.035034 150.000000
118.398766 0.007226 199.810989 200.000000 -0.016142 150.035080 150.000000
118.498764 0.006818 199.813248 200.000000 -0.015836 150.035110 150.000000
118.598763 0.006392 199.815506 200.000000 -0.015538 150.035126 150.000000
118.698761 0.005946 199.817749 200.000000 -0.015244 150.035126 150.000000
118.798759 0.005565 199.819992 200.000000 -0.014950 150.035110 150.000000
118.898758 0.005158 199.822220 200.000000 -0.014654 150.035080 150.000000
118.998756 0.004810 199.824448 200.000000 -0.014352 150.035034 150.000000
119.098755 0.004431 199.826675 200.000000 -0.014042 150.034973 150.000000
119.198753 0.004021 199.828888 200.000000 -0.013723 150.034897 150.000000
119.298752 0.003665 199.831100 200.000000 -0.013390 150.034805 150.000000
119.398750 0.003275 199.833298 200.000000 -0.013044 150.034698 150.000000
119.498749 0.002935 199.835495 200.000000 -0.012681 150.034592 150.000000
119.598747 0.002555 199.837677 200.000000 -0.012425 150.034470 150.000000
119.698746 0.002223 199.839844 200.000000 -0.012141 150.034332 150.000000
119.798744 0.001933 199.842010 200.000000 -0.011828 150.034180 150.000000
119.898743 0.001596 199.844162 200.000000 -0.011486 150.034027 150.000000
